0 0 0 -nan inf inf -nan -nan 0 0
0.01 0.00510434 0.00505009 809.305 870.624 840.687 1.81548e-09 -1.08924e-09 0.0015267 0.28294
0.02 0.0102216 0.00801651 405.959 433.015 414.245 7.05644e-09 -4.23352e-09 0.00304954 0.356482
0.03 0.0153486 0.0105046 271.367 287.394 272.767 1.55e-08 -9.29891e-09 0.00456947 0.40807
0.04 0.0204841 0.0127254 204.01 214.689 202.309 2.69719e-08 -1.61806e-08 0.0060869 0.449139
0.05 0.0256273 0.0147665 163.563 171.122 160.185 4.13237e-08 -2.47894e-08 0.00760207 0.48382
0.06 0.0307776 0.016675 136.578 142.112 132.197 5.84246e-08 -3.50467e-08 0.00911514 0.514136
0.07 0.0359346 0.0184798 117.29 121.414 112.268 7.81569e-08 -4.68817e-08 0.0106263 0.541245
0.08 0.0410979 0.0202003 102.814 105.907 97.3658 1.00413e-07 -6.02298e-08 0.0121355 0.56588
0.09 0.0462673 0.0218505 91.5472 93.8586 85.8087 1.25094e-07 -7.50315e-08 0.013643 0.588539
0.1 0.0514424 0.0234404 82.5285 84.2292 76.5886 1.52109e-07 -9.12317e-08 0.0151488 0.609575
0.11 0.0566232 0.0249782 75.1451 76.3581 69.0652 1.81371e-07 -1.08779e-07 0.016653 0.629253
0.12 0.0618094 0.0264699 68.9887 69.8049 62.8121 2.12799e-07 -1.27624e-07 0.0181556 0.647771
0.13 0.0670008 0.0279208 63.7765 64.2649 57.5346 2.46319e-07 -1.47722e-07 0.0196567 0.665286
0.14 0.0721974 0.0293349 59.3064 59.5205 53.0222 2.81858e-07 -1.6903e-07 0.0211563 0.681925
0.15 0.077399 0.0307156 55.4302 55.4122 49.1211 3.19348e-07 -1.91507e-07 0.0226544 0.69779
0.16 0.0826054 0.032066 52.0367 51.8205 45.7157 3.58726e-07 -2.15114e-07 0.0241512 0.712964
0.17 0.0878165 0.0333886 49.0409 48.6539 42.7181 3.9993e-07 -2.39815e-07 0.0256466 0.727518
0.18 0.0930324 0.0346854 46.3767 45.8414 40.0597 4.42901e-07 -2.65574e-07 0.0271406 0.741512
0.19 0.0982528 0.0359585 43.9916 43.327 37.6865 4.87583e-07 -2.92358e-07 0.0286334 0.754997
0.2 0.103478 0.0372094 41.8441 41.0657 35.5555 5.33924e-07 -3.20135e-07 0.0301249 0.768017
0.21 0.108707 0.0384396 39.9001 39.0214 33.6316 5.81872e-07 -3.48874e-07 0.0316151 0.78061
0.22 0.113941 0.0396504 38.1319 37.1644 31.8865 6.31377e-07 -3.78545e-07 0.0331041 0.792809
0.23 0.119178 0.040843 36.5168 35.4701 30.2966 6.82394e-07 -4.0912e-07 0.0345918 0.804643
0.24 0.124421 0.0420184 35.0356 33.9181 28.8423 7.34877e-07 -4.40573e-07 0.0360784 0.81614
0.25 0.129667 0.0431776 33.6722 32.4913 27.5072 7.88782e-07 -4.72876e-07 0.0375638 0.827321
0.26 0.134917 0.0443215 32.4131 31.1752 26.2773 8.44067e-07 -5.06006e-07 0.0390481 0.838208
0.27 0.140171 0.0454508 31.2468 29.9575 25.1409 9.00692e-07 -5.39937e-07 0.0405312 0.84882
0.28 0.14543 0.0465662 30.1633 28.8276 24.0878 9.58619e-07 -5.74647e-07 0.0420132 0.859172
0.29 0.150692 0.0476684 29.1541 27.7763 23.1094 1.01781e-06 -6.10112e-07 0.0434941 0.869281
0.3 0.155958 0.048758 28.2117 26.7957 22.198 1.07823e-06 -6.46312e-07 0.0449739 0.87916
0.31 0.161228 0.0498356 27.3298 25.879 21.3471 1.13984e-06 -6.83225e-07 0.0464527 0.888822
0.32 0.166501 0.0509017 26.5026 25.0203 20.551 1.20261e-06 -7.20831e-07 0.0479304 0.898278
0.33 0.171779 0.0519567 25.7252 24.2141 19.8045 1.26651e-06 -7.59111e-07 0.049407 0.907539
0.34 0.17706 0.0530011 24.9932 23.4558 19.1034 1.3315e-06 -7.98045e-07 0.0508826 0.916615
0.35 0.182344 0.0540353 24.3028 22.7413 18.4436 1.39756e-06 -8.37615e-07 0.0523572 0.925515
0.36 0.187633 0.0550597 23.6505 22.0669 17.8217 1.46465e-06 -8.77805e-07 0.0538308 0.934247
0.37 0.192924 0.0560746 23.0332 21.4294 17.2345 1.53275e-06 -9.18595e-07 0.0553034 0.942818
0.38 0.19822 0.0570805 22.4481 20.8259 16.6792 1.60183e-06 -9.59971e-07 0.056775 0.951237
0.39 0.203519 0.0580776 21.8928 20.2537 16.1535 1.67186e-06 -1.00192e-06 0.0582457 0.959509
0.4 0.208821 0.0590662 21.365 19.7104 15.6549 1.74281e-06 -1.04441e-06 0.0597153 0.967641
0.41 0.214127 0.0600465 20.8628 19.1939 15.1816 1.81467e-06 -1.08745e-06 0.061184 0.975638
0.42 0.219436 0.061019 20.3843 18.7023 14.7316 1.88741e-06 -1.13101e-06 0.0626518 0.983507
0.43 0.224749 0.0619837 19.9279 18.2339 14.3034 1.961e-06 -1.17508e-06 0.0641187 0.991251
0.44 0.230065 0.062941 19.4921 17.7871 13.8953 2.03541e-06 -1.21964e-06 0.0655846 0.998876
0.45 0.235384 0.0638911 19.0755 17.3604 13.5061 2.11064e-06 -1.26469e-06 0.0670496 1.00639
0.46 0.240707 0.0648342 18.6768 16.9524 13.1346 2.18665e-06 -1.31021e-06 0.0685136 1.01379
0.47 0.246033 0.0657704 18.2949 16.5621 12.7794 2.26343e-06 -1.35618e-06 0.0699768 1.02108
0.48 0.251362 0.0667001 17.9289 16.1882 12.4397 2.34095e-06 -1.4026e-06 0.0714391 1.02827
0.49 0.256694 0.0676233 17.5776 15.8299 12.1144 2.4192e-06 -1.44945e-06 0.0729005 1.03536
0.5 0.26203 0.0685402 17.2402 15.486 11.8027 2.49816e-06 -1.49672e-06 0.0743611 1.04236
0.51 0.267368 0.0694511 16.916 15.1559 11.5037 2.5778e-06 -1.5444e-06 0.0758207 1.04926
0.52 0.27271 0.070356 16.6041 14.8386 11.2168 2.65811e-06 -1.59248e-06 0.0772795 1.05608
0.53 0.278055 0.0712551 16.3038 14.5335 10.9412 2.73908e-06 -1.64095e-06 0.0787375 1.0628
0.54 0.283403 0.0721486 16.0146 14.2398 10.6762 2.82068e-06 -1.6898e-06 0.0801946 1.06945
0.55 0.288755 0.0730366 15.7358 13.957 10.4213 2.90289e-06 -1.73902e-06 0.0816508 1.07601
0.56 0.294109 0.0739192 15.4669 13.6844 10.1759 2.98571e-06 -1.7886e-06 0.0831063 1.08249
0.57 0.299466 0.0747966 15.2072 13.4216 9.93961 3.06912e-06 -1.83852e-06 0.0845609 1.08889
0.58 0.304827 0.0756689 14.9565 13.1679 9.71182 3.15309e-06 -1.88879e-06 0.0860146 1.09523
0.59 0.31019 0.0765362 14.7142 12.923 9.49213 3.23763e-06 -1.93939e-06 0.0874676 1.10148
0.6 0.315556 0.0773986 14.4798 12.6864 9.28012 3.3227e-06 -1.99031e-06 0.0889197 1.10767
0.61 0.320926 0.0782562 14.2531 12.4577 9.07542 3.40831e-06 -2.04154e-06 0.0903711 1.11379
0.62 0.326298 0.0791091 14.0336 12.2364 8.87765 3.49442e-06 -2.09308e-06 0.0918216 1.11985
0.63 0.331673 0.0799575 13.8209 12.0224 8.68649 3.58104e-06 -2.14492e-06 0.0932714 1.12583
0.64 0.337052 0.0808014 13.6149 11.8151 8.50162 3.66815e-06 -2.19705e-06 0.0947203 1.13176
0.65 0.342433 0.0816409 13.4151 11.6143 8.32273 3.75573e-06 -2.24947e-06 0.0961685 1.13762
0.66 0.347817 0.0824761 13.2213 11.4197 8.14956 3.84378e-06 -2.30216e-06 0.0976159 1.14343
0.67 0.353203 0.0833071 13.0332 11.231 7.98184 3.93228e-06 -2.35512e-06 0.0990626 1.14917
0.68 0.358593 0.084134 12.8506 11.0479 7.81932 4.02122e-06 -2.40834e-06 0.100508 1.15486
0.69 0.363986 0.0849568 12.6733 10.8703 7.66178 4.11058e-06 -2.46182e-06 0.101954 1.1605
0.7 0.369381 0.0857757 12.5009 10.6978 7.50899 4.20037e-06 -2.51554e-06 0.103398 1.16608
0.71 0.374779 0.0865906 12.3333 10.5303 7.36075 4.29056e-06 -2.56951e-06 0.104842 1.1716
0.72 0.38018 0.0874018 12.1703 10.3675 7.21687 4.38116e-06 -2.62371e-06 0.106284 1.17708
0.73 0.385584 0.0882092 12.0118 10.2093 7.07716 4.47214e-06 -2.67815e-06 0.107726 1.1825
0.74 0.39099 0.089013 11.8574 10.0554 6.94145 4.56349e-06 -2.73281e-06 0.109168 1.18788
0.75 0.396399 0.0898131 11.7072 9.90567 6.80958 4.65522e-06 -2.78769e-06 0.110608 1.1932
0.76 0.401811 0.0906097 11.5608 9.75998 6.68138 4.7473e-06 -2.84278e-06 0.112048 1.19848
0.77 0.407226 0.0914027 11.4182 9.61815 6.55672 4.83974e-06 -2.89808e-06 0.113488 1.20372
0.78 0.412643 0.0921924 11.2792 9.48003 6.43545 4.93252e-06 -2.95358e-06 0.114926 1.20891
0.79 0.418064 0.0929787 11.1437 9.34548 6.31745 5.02563e-06 -3.00928e-06 0.116364 1.21405
0.8 0.423486 0.0937617 11.0115 9.21435 6.20258 5.11906e-06 -3.06518e-06 0.117801 1.21915
0.81 0.428912 0.0945414 10.8825 9.08653 6.09073 5.21281e-06 -3.12126e-06 0.119237 1.22421
0.82 0.43434 0.0953179 10.7566 8.96189 5.98178 5.30688e-06 -3.17753e-06 0.120673 1.22923
0.83 0.439771 0.0960913 10.6338 8.84032 5.87563 5.40124e-06 -3.23397e-06 0.122108 1.2342
0.84 0.445204 0.0968616 10.5138 8.7217 5.77217 5.4959e-06 -3.29059e-06 0.123542 1.23914
0.85 0.45064 0.0976288 10.3966 8.60593 5.67131 5.59085e-06 -3.34739e-06 0.124976 1.24404
0.86 0.456079 0.098393 10.2821 8.49291 5.57296 5.68608e-06 -3.40434e-06 0.126408 1.2489
0.87 0.46152 0.0991543 10.1702 8.38255 5.47701 5.78158e-06 -3.46147e-06 0.127841 1.25372
0.88 0.466964 0.0999127 10.0607 8.27474 5.3834 5.87735e-06 -3.51875e-06 0.129272 1.25851
0.89 0.47241 0.100668 9.95375 8.16941 5.29204 5.97338e-06 -3.57618e-06 0.130703 1.26325
0.9 0.477859 0.101421 9.84911 8.06648 5.20285 6.06966e-06 -3.63377e-06 0.132133 1.26797
0.91 0.483311 0.102171 9.74673 7.96586 5.11575 6.1662e-06 -3.6915e-06 0.133562 1.27265
0.92 0.488765 0.102918 9.64654 7.86747 5.03069 6.26298e-06 -3.74938e-06 0.134991 1.27729
0.93 0.494222 0.103662 9.54848 7.77124 4.94758 6.36e-06 -3.8074e-06 0.136419 1.2819
0.94 0.499681 0.104404 9.45247 7.67711 4.86638 6.45725e-06 -3.86556e-06 0.137847 1.28648
0.95 0.505142 0.105143 9.35845 7.58501 4.787 6.55473e-06 -3.92385e-06 0.139274 1.29103
0.96 0.510607 0.10588 9.26636 7.49487 4.70941 6.65243e-06 -3.98228e-06 0.1407 1.29554
0.97 0.516073 0.106614 9.17614 7.40663 4.63353 6.75035e-06 -4.04083e-06 0.142125 1.30002
0.98 0.521542 0.107345 9.08773 7.32024 4.55932 6.84848e-06 -4.09951e-06 0.14355 1.30448
0.99 0.527014 0.108074 9.00108 7.23563 4.48672 6.94682e-06 -4.15831e-06 0.144974 1.3089
1 0.532488 0.108801 8.91614 7.15275 4.41568 7.04537e-06 -4.21724e-06 0.146398 1.31329
1.01 0.537965 0.109525 8.83285 7.07156 4.34616 7.14411e-06 -4.27628e-06 0.147821 1.31765
1.02 0.543444 0.110247 8.75117 6.99199 4.27811 7.24305e-06 -4.33544e-06 0.149243 1.32199
1.03 0.548925 0.110966 8.67104 6.91401 4.21148 7.34219e-06 -4.39471e-06 0.150665 1.32629
1.04 0.554409 0.111683 8.59244 6.83756 4.14623 7.44151e-06 -4.45409e-06 0.152086 1.33057
1.05 0.559895 0.112398 8.5153 6.76261 4.08233 7.54101e-06 -4.51359e-06 0.153506 1.33482
1.06 0.565384 0.11311 8.4396 6.6891 4.01973 7.64069e-06 -4.57318e-06 0.154926 1.33905
1.07 0.570875 0.113821 8.36529 6.61701 3.9584 7.74056e-06 -4.63289e-06 0.156345 1.34325
1.08 0.576369 0.114529 8.29233 6.54628 3.89829 7.84059e-06 -4.69269e-06 0.157764 1.34742
1.09 0.581864 0.115235 8.22069 6.47688 3.83938 7.9408e-06 -4.7526e-06 0.159182 1.35156
1.1 0.587363 0.115938 8.15033 6.40878 3.78163 8.04117e-06 -4.81261e-06 0.160599 1.35568
1.11 0.592863 0.11664 8.08122 6.34193 3.725 8.14171e-06 -4.87271e-06 0.162016 1.35978
1.12 0.598366 0.117339 8.01331 6.27631 3.66948 8.24241e-06 -4.93291e-06 0.163432 1.36385
1.13 0.603872 0.118037 7.94659 6.21189 3.61502 8.34327e-06 -4.9932e-06 0.164847 1.3679
1.14 0.609379 0.118732 7.88102 6.14862 3.56159 8.44428e-06 -5.05358e-06 0.166262 1.37192
1.15 0.61489 0.119426 7.81657 6.08648 3.50918 8.54545e-06 -5.11406e-06 0.167676 1.37592
1.16 0.620402 0.120117 7.75321 6.02544 3.45775 8.64677e-06 -5.17462e-06 0.16909 1.3799
1.17 0.625917 0.120806 7.69091 5.96547 3.40727 8.74824e-06 -5.23527e-06 0.170503 1.38385
1.18 0.631434 0.121494 7.62965 5.90655 3.35773 8.84985e-06 -5.29601e-06 0.171916 1.38778
1.19 0.636953 0.122179 7.56941 5.84864 3.30909 8.95161e-06 -5.35684e-06 0.173328 1.39169
1.2 0.642475 0.122863 7.51014 5.79173 3.26134 9.05352e-06 -5.41775e-06 0.174739 1.39558
1.21 0.647999 0.123544 7.45184 5.73578 3.21444 9.15556e-06 -5.47874e-06 0.17615 1.39945
1.22 0.653525 0.124224 7.39448 5.68077 3.16839 9.25774e-06 -5.53981e-06 0.17756 1.40329
1.23 0.659053 0.124902 7.33803 5.62669 3.12315 9.36006e-06 -5.60096e-06 0.178969 1.40711
1.24 0.664584 0.125578 7.28248 5.5735 3.07871 9.46252e-06 -5.6622e-06 0.180378 1.41092
1.25 0.670117 0.126252 7.22779 5.52118 3.03505 9.56511e-06 -5.72351e-06 0.181787 1.4147
1.26 0.675652 0.126925 7.17396 5.46972 2.99215 9.66783e-06 -5.7849e-06 0.183195 1.41846
1.27 0.68119 0.127595 7.12096 5.41909 2.94998 9.77068e-06 -5.84637e-06 0.184602 1.4222
1.28 0.68673 0.128264 7.06878 5.36928 2.90854 9.87366e-06 -5.90792e-06 0.186009 1.42593
1.29 0.692272 0.128931 7.01738 5.32026 2.8678 9.97677e-06 -5.96954e-06 0.187415 1.42963
1.3 0.697816 0.129597 6.96676 5.27202 2.82775 1.008e-05 -6.03123e-06 0.18882 1.43332
1.31 0.703362 0.130261 6.9169 5.22453 2.78836 1.01834e-05 -6.093e-06 0.190225 1.43698
1.32 0.708911 0.130923 6.86778 5.17779 2.74964 1.02869e-05 -6.15485e-06 0.19163 1.44063
1.33 0.714462 0.131583 6.81939 5.13177 2.71155 1.03905e-05 -6.21677e-06 0.193033 1.44426
1.34 0.720015 0.132242 6.7717 5.08645 2.67409 1.04942e-05 -6.27876e-06 0.194437 1.44787
1.35 0.72557 0.132899 6.7247 5.04183 2.63724 1.05981e-05 -6.34082e-06 0.19584 1.45146
1.36 0.731128 0.133554 6.67838 4.99789 2.60098 1.07021e-05 -6.40296e-06 0.197242 1.45504
1.37 0.736687 0.134208 6.63272 4.9546 2.56531 1.08062e-05 -6.46516e-06 0.198643 1.45859
1.38 0.742249 0.134861 6.58772 4.91196 2.53021 1.09104e-05 -6.52744e-06 0.200045 1.46213
1.39 0.747813 0.135511 6.54334 4.86995 2.49566 1.10148e-05 -6.58979e-06 0.201445 1.46566
1.4 0.753379 0.13616 6.49959 4.82857 2.46166 1.11192e-05 -6.65222e-06 0.202845 1.46916
1.41 0.758948 0.136808 6.45644 4.78778 2.42819 1.12238e-05 -6.71471e-06 0.204245 1.47265
1.42 0.764518 0.137454 6.41389 4.74759 2.39525 1.13285e-05 -6.77727e-06 0.205644 1.47613
1.43 0.770091 0.138099 6.37192 4.70798 2.36281 1.14333e-05 -6.8399e-06 0.207042 1.47958
1.44 0.775666 0.138742 6.33052 4.66894 2.33087 1.15383e-05 -6.90261e-06 0.20844 1.48302
1.45 0.781243 0.139383 6.28968 4.63045 2.29941 1.16434e-05 -6.96538e-06 0.209837 1.48645
1.46 0.786822 0.140023 6.24939 4.59251 2.26844 1.17486e-05 -7.02822e-06 0.211234 1.48986
1.47 0.792403 0.140662 6.20964 4.55509 2.23793 1.18539e-05 -7.09114e-06 0.21263 1.49325
1.48 0.797986 0.141299 6.17041 4.5182 2.20788 1.19593e-05 -7.15412e-06 0.214026 1.49663
1.49 0.803572 0.141935 6.13169 4.48183 2.17827 1.20648e-05 -7.21718e-06 0.215421 1.49999
1.5 0.809159 0.142569 6.09348 4.44595 2.14911 1.21705e-05 -7.28031e-06 0.216816 1.50334
1.51 0.814749 0.143202 6.05577 4.41056 2.12037 1.22763e-05 -7.3435e-06 0.21821 1.50668
1.52 0.820341 0.143834 6.01854 4.37566 2.09205 1.23822e-05 -7.40677e-06 0.219604 1.50999
1.53 0.825934 0.144464 5.98178 4.34122 2.06414 1.24882e-05 -7.47011e-06 0.220997 1.5133
1.54 0.83153 0.145093 5.9455 4.30725 2.03664 1.25944e-05 -7.53352e-06 0.222389 1.51659
1.55 0.837128 0.14572 5.90967 4.27373 2.00953 1.27006e-05 -7.59701e-06 0.223781 1.51986
1.56 0.842728 0.146346 5.87429 4.24065 1.98281 1.2807e-05 -7.66056e-06 0.225173 1.52313
1.57 0.848331 0.146971 5.83935 4.20801 1.95647 1.29135e-05 -7.72419e-06 0.226564 1.52637
1.58 0.853935 0.147594 5.80484 4.1758 1.9305 1.30202e-05 -7.78789e-06 0.227954 1.52961
1.59 0.859541 0.148217 5.77076 4.144 1.9049 1.31269e-05 -7.85166e-06 0.229344 1.53283
1.6 0.865149 0.148837 5.73709 4.11262 1.87965 1.32338e-05 -7.91551e-06 0.230734 1.53603
1.61 0.87076 0.149457 5.70383 4.08164 1.85476 1.33409e-05 -7.97943e-06 0.232123 1.53923
1.62 0.876372 0.150075 5.67097 4.05105 1.8302 1.3448e-05 -8.04343e-06 0.233511 1.54241
1.63 0.881987 0.150692 5.63851 4.02086 1.80599 1.35553e-05 -8.1075e-06 0.234899 1.54557
1.64 0.887603 0.151308 5.60643 3.99104 1.7821 1.36627e-05 -8.17165e-06 0.236287 1.54873
1.65 0.893222 0.151922 5.57473 3.9616 1.75854 1.37702e-05 -8.23588e-06 0.237674 1.55187
1.66 0.898842 0.152535 5.5434 3.93253 1.7353 1.38779e-05 -8.30018e-06 0.23906 1.555
1.67 0.904465 0.153147 5.51244 3.90381 1.71237 1.39856e-05 -8.36456e-06 0.240446 1.55812
1.68 0.91009 0.153758 5.48184 3.87545 1.68974 1.40936e-05 -8.42902e-06 0.241832 1.56122
1.69 0.915716 0.154368 5.4516 3.84744 1.66742 1.42016e-05 -8.49356e-06 0.243217 1.56431
1.7 0.921345 0.154976 5.4217 3.81977 1.64539 1.43098e-05 -8.55817e-06 0.244601 1.56739
1.71 0.926975 0.155583 5.39214 3.79243 1.62365 1.44181e-05 -8.62287e-06 0.245985 1.57046
1.72 0.932608 0.156189 5.36292 3.76543 1.60219 1.45266e-05 -8.68765e-06 0.247369 1.57351
1.73 0.938243 0.156794 5.33402 3.73874 1.58102 1.46352e-05 -8.75251e-06 0.248752 1.57656
1.74 0.943879 0.157398 5.30546 3.71238 1.56012 1.4744e-05 -8.81745e-06 0.250134 1.57959
1.75 0.949518 0.158 5.2772 3.68632 1.53948 1.48528e-05 -8.88248e-06 0.251516 1.58261
1.76 0.955158 0.158601 5.24927 3.66058 1.51912 1.49619e-05 -8.94759e-06 0.252898 1.58562
1.77 0.960801 0.159202 5.22164 3.63513 1.49901 1.5071e-05 -9.01279e-06 0.254279 1.58861
1.78 0.966446 0.159801 5.19431 3.60999 1.47915 1.51804e-05 -9.07808e-06 0.255659 1.5916
1.79 0.972092 0.160399 5.16728 3.58513 1.45955 1.52898e-05 -9.14345e-06 0.25704 1.59458
1.8 0.97774 0.160995 5.14054 3.56056 1.4402 1.53994e-05 -9.20891e-06 0.258419 1.59754
1.81 0.983391 0.161591 5.11409 3.53627 1.42108 1.55092e-05 -9.27445e-06 0.259798 1.60049
1.82 0.989043 0.162186 5.08793 3.51226 1.4022 1.56191e-05 -9.34009e-06 0.261177 1.60343
1.83 0.994698 0.162779 5.06204 3.48852 1.38356 1.57292e-05 -9.40582e-06 0.262555 1.60637
1.84 1.00035 0.163372 5.03642 3.46505 1.36515 1.58394e-05 -9.47164e-06 0.263933 1.60929
1.85 1.00601 0.163963 5.01108 3.44184 1.34696 1.59498e-05 -9.53756e-06 0.26531 1.6122
1.86 1.01167 0.164554 4.986 3.41889 1.32899 1.60604e-05 -9.60357e-06 0.266687 1.6151
1.87 1.01733 0.165143 4.96118 3.3962 1.31125 1.61711e-05 -9.66967e-06 0.268063 1.61799
1.88 1.023 0.165731 4.93662 3.37375 1.29371 1.62819e-05 -9.73587e-06 0.269439 1.62086
1.89 1.02866 0.166318 4.91232 3.35156 1.27639 1.6393e-05 -9.80217e-06 0.270814 1.62373
1.9 1.03433 0.166904 4.88826 3.3296 1.25927 1.65042e-05 -9.86857e-06 0.272189 1.62659
1.91 1.04 0.16749 4.86444 3.30789 1.24236 1.66156e-05 -9.93507e-06 0.273564 1.62944
1.92 1.04567 0.168074 4.84087 3.28641 1.22565 1.67271e-05 -1.00017e-05 0.274938 1.63228
1.93 1.05135 0.168657 4.81754 3.26516 1.20914 1.68388e-05 -1.00684e-05 0.276311 1.63511
1.94 1.05702 0.169239 4.79444 3.24414 1.19282 1.69507e-05 -1.01352e-05 0.277684 1.63793
1.95 1.0627 0.16982 4.77157 3.22334 1.17669 1.70628e-05 -1.02021e-05 0.279057 1.64074
1.96 1.06838 0.1704 4.74893 3.20277 1.16075 1.7175e-05 -1.02691e-05 0.280429 1.64354
1.97 1.07406 0.170979 4.72651 3.18241 1.145 1.72874e-05 -1.03362e-05 0.281801 1.64633
1.98 1.07974 0.171557 4.70431 3.16226 1.12942 1.74e-05 -1.04034e-05 0.283172 1.64911
1.99 1.08543 0.172134 4.68233 3.14233 1.11403 1.75128e-05 -1.04708e-05 0.284543 1.65188
2 1.09112 0.17271 4.66056 3.1226 1.09881 1.76258e-05 -1.05382e-05 0.285913 1.65464
2.01 1.0968 0.173286 4.639 3.10308 1.08376 1.7739e-05 -1.06058e-05 0.287283 1.6574
2.02 1.10249 0.17386 4.61765 3.08376 1.06889 1.78523e-05 -1.06735e-05 0.288652 1.66014
2.03 1.10819 0.174433 4.5965 3.06463 1.05418 1.79659e-05 -1.07413e-05 0.290021 1.66287
2.04 1.11388 0.175006 4.57556 3.04571 1.03964 1.80796e-05 -1.08092e-05 0.29139 1.6656
2.05 1.11958 0.175577 4.55481 3.02697 1.02527 1.81936e-05 -1.08772e-05 0.292758 1.66832
2.06 1.12528 0.176148 4.53426 3.00842 1.01105 1.83077e-05 -1.09453e-05 0.294126 1.67103
2.07 1.13098 0.176717 4.51391 2.99006 0.996988 1.84221e-05 -1.10136e-05 0.295493 1.67373
2.08 1.13668 0.177286 4.49374 2.97189 0.983083 1.85367e-05 -1.1082e-05 0.296859 1.67642
2.09 1.14238 0.177854 4.47376 2.95389 0.969332 1.86514e-05 -1.11505e-05 0.298226 1.6791
2.1 1.14809 0.178421 4.45397 2.93608 0.955731 1.87664e-05 -1.12191e-05 0.299592 1.68177
2.11 1.15379 0.178987 4.43435 2.91844 0.942279 1.88816e-05 -1.12879e-05 0.300957 1.68444
2.12 1.1595 0.179552 4.41492 2.90097 0.928974 1.8997e-05 -1.13568e-05 0.302322 1.68709
2.13 1.16521 0.180116 4.39566 2.88367 0.915812 1.91126e-05 -1.14258e-05 0.303686 1.68974
2.14 1.17093 0.180679 4.37658 2.86655 0.902793 1.92285e-05 -1.1495e-05 0.305051 1.69238
2.15 1.17664 0.181242 4.35767 2.84959 0.889913 1.93446e-05 -1.15643e-05 0.306414 1.69502
2.16 1.18236 0.181803 4.33893 2.83279 0.877171 1.94609e-05 -1.16337e-05 0.307777 1.69764
2.17 1.18808 0.182364 4.32036 2.81615 0.864565 1.95774e-05 -1.17032e-05 0.30914 1.70025
2.18 1.1938 0.182924 4.30196 2.79968 0.852093 1.96942e-05 -1.17729e-05 0.310503 1.70286
2.19 1.19952 0.183483 4.28371 2.78336 0.839753 1.98111e-05 -1.18428e-05 0.311864 1.70546
2.2 1.20524 0.184041 4.26563 2.76719 0.827543 1.99284e-05 -1.19127e-05 0.313226 1.70805
2.21 1.21097 0.184598 4.24771 2.75118 0.81546 2.00459e-05 -1.19828e-05 0.314587 1.71064
2.22 1.21669 0.185154 4.22994 2.73532 0.803505 2.01636e-05 -1.20531e-05 0.315948 1.71321
2.23 1.22242 0.18571 4.21233 2.71961 0.791673 2.02815e-05 -1.21235e-05 0.317308 1.71578
2.24 1.22815 0.186265 4.19486 2.70404 0.779964 2.03997e-05 -1.21941e-05 0.318668 1.71834
2.25 1.23389 0.186819 4.17756 2.68862 0.768377 2.05182e-05 -1.22648e-05 0.320027 1.7209
2.26 1.23962 0.187372 4.16039 2.67334 0.756908 2.06369e-05 -1.23356e-05 0.321386 1.72344
2.27 1.24536 0.187924 4.14338 2.6582 0.745557 2.07559e-05 -1.24066e-05 0.322744 1.72598
2.28 1.2511 0.188476 4.12651 2.6432 0.734322 2.08751e-05 -1.24778e-05 0.324102 1.72851
2.29 1.25684 0.189026 4.10978 2.62834 0.723202 2.09946e-05 -1.25491e-05 0.32546 1.73104
2.3 1.26258 0.189576 4.09319 2.61361 0.712194 2.11143e-05 -1.26205e-05 0.326817 1.73355
2.31 1.26832 0.190125 4.07675 2.59901 0.701297 2.12344e-05 -1.26922e-05 0.328174 1.73606
2.32 1.27407 0.190674 4.06044 2.58455 0.69051 2.13547e-05 -1.2764e-05 0.329531 1.73856
2.33 1.27981 0.191221 4.04426 2.57022 0.679831 2.14752e-05 -1.28359e-05 0.330887 1.74106
2.34 1.28556 0.191768 4.02822 2.55601 0.669259 2.15961e-05 -1.2908e-05 0.332242 1.74354
2.35 1.29131 0.192314 4.01231 2.54193 0.658792 2.17172e-05 -1.29803e-05 0.333597 1.74602
2.36 1.29706 0.192859 3.99653 2.52798 0.648429 2.18386e-05 -1.30528e-05 0.334952 1.7485
2.37 1.30282 0.193403 3.98089 2.51415 0.638168 2.19603e-05 -1.31254e-05 0.336306 1.75096
2.38 1.30857 0.193947 3.96536 2.50044 0.628008 2.20823e-05 -1.31982e-05 0.33766 1.75342
2.39 1.31433 0.19449 3.94997 2.48685 0.617948 2.22046e-05 -1.32712e-05 0.339014 1.75587
2.4 1.32009 0.195032 3.9347 2.47338 0.607987 2.23272e-05 -1.33443e-05 0.340367 1.75832
2.41 1.32585 0.195574 3.91955 2.46003 0.598122 2.245e-05 -1.34176e-05 0.341719 1.76076
2.42 1.33161 0.196114 3.90452 2.44679 0.588353 2.25732e-05 -1.34911e-05 0.343072 1.76319
2.43 1.33738 0.196654 3.88961 2.43366 0.578679 2.26967e-05 -1.35648e-05 0.344424 1.76562
2.44 1.34315 0.197193 3.87482 2.42065 0.569098 2.28205e-05 -1.36387e-05 0.345775 1.76803
2.45 1.34891 0.197732 3.86014 2.40775 0.559609 2.29446e-05 -1.37127e-05 0.347126 1.77045
2.46 1.35468 0.198269 3.84559 2.39496 0.550211 2.3069e-05 -1.3787e-05 0.348477 1.77285
2.47 1.36045 0.198806 3.83114 2.38228 0.540902 2.31937e-05 -1.38614e-05 0.349827 1.77525
2.48 1.36623 0.199342 3.81681 2.36971 0.531683 2.33188e-05 -1.3936e-05 0.351177 1.77764
2.49 1.372 0.199878 3.80259 2.35724 0.52255 2.34442e-05 -1.40108e-05 0.352526 1.78003
2.5 1.37778 0.200413 3.78848 2.34487 0.513504 2.35699e-05 -1.40858e-05 0.353875 1.78241
2.51 1.38356 0.200947 3.77448 2.33261 0.504543 2.36959e-05 -1.4161e-05 0.355224 1.78478
2.52 1.38934 0.20148 3.76058 2.32045 0.495666 2.38223e-05 -1.42364e-05 0.356572 1.78715
2.53 1.39512 0.202013 3.74679 2.30839 0.486872 2.3949e-05 -1.4312e-05 0.35792 1.78951
2.54 1.4009 0.202545 3.73311 2.29644 0.47816 2.40761e-05 -1.43878e-05 0.359267 1.79187
2.55 1.40669 0.203076 3.71953 2.28458 0.469529 2.42035e-05 -1.44638e-05 0.360614 1.79421
2.56 1.41247 0.203607 3.70605 2.27281 0.460977 2.43312e-05 -1.45401e-05 0.361961 1.79656
2.57 1.41826 0.204137 3.69268 2.26115 0.452505 2.44594e-05 -1.46165e-05 0.363307 1.79889
2.58 1.42405 0.204666 3.6794 2.24957 0.444111 2.45878e-05 -1.46931e-05 0.364653 1.80122
2.59 1.42985 0.205194 3.66622 2.2381 0.435794 2.47166e-05 -1.477e-05 0.365999 1.80355
2.6 1.43564 0.205722 3.65314 2.22671 0.427552 2.48458e-05 -1.48471e-05 0.367344 1.80586
2.61 1.44143 0.206249 3.64016 2.21542 0.419386 2.49754e-05 -1.49243e-05 0.368688 1.80818
2.62 1.44723 0.206776 3.62727 2.20421 0.411294 2.51053e-05 -1.50018e-05 0.370033 1.81048
2.63 1.45303 0.207302 3.61448 2.1931 0.403275 2.52356e-05 -1.50796e-05 0.371376 1.81278
2.64 1.45883 0.207827 3.60178 2.18207 0.395329 2.53663e-05 -1.51575e-05 0.37272 1.81508
2.65 1.46463 0.208351 3.58918 2.17114 0.387454 2.54973e-05 -1.52357e-05 0.374063 1.81737
2.66 1.47044 0.208875 3.57666 2.16029 0.37965 2.56288e-05 -1.53141e-05 0.375406 1.81965
2.67 1.47624 0.209398 3.56424 2.14952 0.371916 2.57606e-05 -1.53928e-05 0.376748 1.82193
2.68 1.48205 0.209921 3.5519 2.13884 0.36425 2.58928e-05 -1.54716e-05 0.37809 1.8242
2.69 1.48786 0.210443 3.53966 2.12824 0.356653 2.60254e-05 -1.55507e-05 0.379432 1.82647
2.7 1.49367 0.210964 3.5275 2.11772 0.349123 2.61584e-05 -1.56301e-05 0.380773 1.82873
2.71 1.49948 0.211484 3.51542 2.10729 0.341659 2.62918e-05 -1.57097e-05 0.382114 1.83098
2.72 1.50529 0.212004 3.50344 2.09694 0.334261 2.64257e-05 -1.57895e-05 0.383454 1.83323
2.73 1.51111 0.212524 3.49153 2.08666 0.326928 2.65599e-05 -1.58695e-05 0.384794 1.83547
2.74 1.51693 0.213042 3.47972 2.07647 0.31966 2.66946e-05 -1.59499e-05 0.386134 1.83771
2.75 1.52274 0.21356 3.46798 2.06635 0.312454 2.68296e-05 -1.60304e-05 0.387473 1.83995
2.76 1.52856 0.214078 3.45633 2.05631 0.305312 2.69651e-05 -1.61112e-05 0.388812 1.84217
2.77 1.53439 0.214594 3.44475 2.04635 0.298231 2.7101e-05 -1.61923e-05 0.39015 1.8444
2.78 1.54021 0.215111 3.43326 2.03646 0.291212 2.72374e-05 -1.62736e-05 0.391488 1.84661
2.79 1.54604 0.215626 3.42185 2.02665 0.284253 2.73742e-05 -1.63552e-05 0.392826 1.84882
2.8 1.55186 0.216141 3.41051 2.01691 0.277354 2.75114e-05 -1.64371e-05 0.394164 1.85103
2.81 1.55769 0.216655 3.39925 2.00724 0.270514 2.7649e-05 -1.65192e-05 0.395501 1.85323
2.82 1.56352 0.217169 3.38807 1.99765 0.263733 2.77871e-05 -1.66015e-05 0.396837 1.85543
2.83 1.56935 0.217682 3.37697 1.98812 0.257009 2.79257e-05 -1.66842e-05 0.398173 1.85762
2.84 1.57519 0.218195 3.36594 1.97867 0.250342 2.80647e-05 -1.67671e-05 0.399509 1.8598
2.85 1.58102 0.218707 3.35499 1.96929 0.243733 2.82042e-05 -1.68502e-05 0.400845 1.86198
2.86 1.58686 0.219218 3.34411 1.95997 0.237178 2.83441e-05 -1.69337e-05 0.40218 1.86416
2.87 1.5927 0.219729 3.3333 1.95073 0.23068 2.84845e-05 -1.70174e-05 0.403515 1.86633
2.88 1.59854 0.220239 3.32256 1.94155 0.224235 2.86254e-05 -1.71014e-05 0.404849 1.86849
2.89 1.60438 0.220748 3.3119 1.93244 0.217845 2.87667e-05 -1.71857e-05 0.406183 1.87065
2.9 1.61022 0.221257 3.30131 1.9234 0.211508 2.89085e-05 -1.72703e-05 0.407517 1.87281
2.91 1.61607 0.221766 3.29078 1.91442 0.205224 2.90508e-05 -1.73552e-05 0.40885 1.87496
2.92 1.62191 0.222273 3.28033 1.90551 0.198993 2.91936e-05 -1.74403e-05 0.410183 1.8771
2.93 1.62776 0.22278 3.26994 1.89666 0.192812 2.93369e-05 -1.75257e-05 0.411515 1.87924
2.94 1.63361 0.223287 3.25963 1.88787 0.186683 2.94807e-05 -1.76115e-05 0.412848 1.88138
2.95 1.63946 0.223793 3.24938 1.87915 0.180605 2.96249e-05 -1.76975e-05 0.414179 1.88351
2.96 1.64531 0.224299 3.23919 1.87049 0.174576 2.97697e-05 -1.77838e-05 0.415511 1.88564
2.97 1.65117 0.224803 3.22907 1.86189 0.168597 2.9915e-05 -1.78705e-05 0.416842 1.88776
2.98 1.65703 0.225308 3.21902 1.85335 0.162667 3.00608e-05 -1.79574e-05 0.418173 1.88987
2.99 1.66288 0.225812 3.20903 1.84487 0.156785 3.02071e-05 -1.80446e-05 0.419503 1.89199
3 1.66874 0.226315 3.19911 1.83645 0.150951 3.03539e-05 -1.81322e-05 0.420833 1.89409
3.01 1.6746 0.226817 3.18925 1.82809 0.145164 3.05013e-05 -1.822e-05 0.422163 1.89619
3.02 1.68047 0.227319 3.17945 1.81979 0.139424 3.06491e-05 -1.83082e-05 0.423492 1.89829
3.03 1.68633 0.227821 3.16972 1.81155 0.13373 3.07975e-05 -1.83967e-05 0.424821 1.90039
3.04 1.69219 0.228322 3.16004 1.80336 0.128083 3.09465e-05 -1.84855e-05 0.426149 1.90247
3.05 1.69806 0.228822 3.15043 1.79523 0.12248 3.1096e-05 -1.85746e-05 0.427478 1.90456
3.06 1.70393 0.229322 3.14088 1.78716 0.116922 3.1246e-05 -1.86641e-05 0.428806 1.90664
3.07 1.7098 0.229822 3.13138 1.77914 0.111409 3.13966e-05 -1.87539e-05 0.430133 1.90871
3.08 1.71567 0.23032 3.12195 1.77118 0.10594 3.15478e-05 -1.8844e-05 0.43146 1.91078
3.09 1.72155 0.230819 3.11258 1.76327 0.100514 3.16995e-05 -1.89344e-05 0.432787 1.91285
3.1 1.72742 0.231316 3.10326 1.75542 0.0951308 3.18517e-05 -1.90252e-05 0.434113 1.91491
3.11 1.7333 0.231814 3.094 1.74762 0.0897904 3.20046e-05 -1.91163e-05 0.435439 1.91697
3.12 1.73918 0.23231 3.0848 1.73987 0.0844921 3.2158e-05 -1.92078e-05 0.436765 1.91902
3.13 1.74506 0.232806 3.07565 1.73217 0.0792354 3.2312e-05 -1.92996e-05 0.43809 1.92107
3.14 1.75094 0.233302 3.06656 1.72453 0.07402 3.24666e-05 -1.93918e-05 0.439415 1.92311
3.15 1.75682 0.233797 3.05752 1.71694 0.0688453 3.26217e-05 -1.94843e-05 0.44074 1.92515
3.16 1.7627 0.234292 3.04854 1.7094 0.063711 3.27775e-05 -1.95771e-05 0.442064 1.92718
3.17 1.76859 0.234786 3.03962 1.7019 0.0586167 3.29338e-05 -1.96703e-05 0.443388 1.92921
3.18 1.77448 0.235279 3.03075 1.69446 0.053562 3.30908e-05 -1.97639e-05 0.444712 1.93124
3.19 1.78037 0.235772 3.02193 1.68707 0.0485464 3.32483e-05 -1.98578e-05 0.446035 1.93326
3.2 1.78626 0.236265 3.01316 1.67973 0.0435696 3.34065e-05 -1.99521e-05 0.447358 1.93528
3.21 1.79215 0.236757 3.00445 1.67243 0.0386311 3.35652e-05 -2.00467e-05 0.448681 1.9373
3.22 1.79804 0.237248 2.99579 1.66519 0.0337306 3.37246e-05 -2.01417e-05 0.450003 1.9393
3.23 1.80394 0.237739 2.98718 1.65799 0.0288677 3.38847e-05 -2.02371e-05 0.451325 1.94131
3.24 1.80984 0.238229 2.97862 1.65084 0.024042 3.40453e-05 -2.03329e-05 0.452646 1.94331
3.25 1.81573 0.238719 2.97011 1.64373 0.0192531 3.42066e-05 -2.0429e-05 0.453967 1.94531
3.26 1.82163 0.239209 2.96165 1.63667 0.0145007 3.43685e-05 -2.05255e-05 0.455288 1.9473
3.27 1.82754 0.239698 2.95324 1.62966 0.00978442 3.45311e-05 -2.06224e-05 0.456609 1.94929
3.28 1.83344 0.240186 2.94488 1.62269 0.00510388 3.46943e-05 -2.07197e-05 0.457929 1.95128
3.29 1.83934 0.240674 2.93657 1.61577 0.000458739 3.48582e-05 -2.08174e-05 0.459249 1.95326
3.3 1.84525 0.241162 2.9283 1.60889 -0.00415136 3.50227e-05 -2.09154e-05 0.460568 1.95523
3.31 1.85116 0.241648 2.92009 1.60206 -0.00872677 3.51879e-05 -2.10139e-05 0.461887 1.95721
3.32 1.85707 0.242135 2.91192 1.59527 -0.0132678 3.53537e-05 -2.11127e-05 0.463206 1.95918
3.33 1.86298 0.242621 2.9038 1.58852 -0.0177748 3.55203e-05 -2.1212e-05 0.464524 1.96114
3.34 1.86889 0.243106 2.89573 1.58181 -0.0222482 3.56875e-05 -2.13116e-05 0.465842 1.9631
3.35 1.8748 0.243591 2.8877 1.57515 -0.0266882 3.58554e-05 -2.14117e-05 0.46716 1.96506
3.36 1.88072 0.244076 2.87971 1.56853 -0.0310951 3.6024e-05 -2.15122e-05 0.468477 1.96701
3.37 1.88664 0.24456 2.87178 1.56195 -0.0354694 3.61932e-05 -2.1613e-05 0.469795 1.96896
3.38 1.89255 0.245043 2.86388 1.55541 -0.0398112 3.63632e-05 -2.17143e-05 0.471111 1.97091
3.39 1.89847 0.245527 2.85604 1.54892 -0.044121 3.65339e-05 -2.1816e-05 0.472428 1.97285
3.4 1.90439 0.246009 2.84823 1.54246 -0.0483989 3.67052e-05 -2.19182e-05 0.473744 1.97479
3.41 1.91032 0.246491 2.84047 1.53605 -0.0526455 3.68773e-05 -2.20207e-05 0.475059 1.97672
3.42 1.91624 0.246973 2.83276 1.52967 -0.0568608 3.70502e-05 -2.21237e-05 0.476375 1.97865
3.43 1.92217 0.247454 2.82508 1.52334 -0.0610453 3.72237e-05 -2.22271e-05 0.47769 1.98058
3.44 1.92809 0.247935 2.81745 1.51704 -0.0651992 3.7398e-05 -2.2331e-05 0.479005 1.9825
3.45 1.93402 0.248415 2.80986 1.51078 -0.0693228 3.7573e-05 -2.24352e-05 0.480319 1.98442
3.46 1.93995 0.248895 2.80232 1.50456 -0.0734164 3.77487e-05 -2.254e-05 0.481633 1.98634
3.47 1.94589 0.249374 2.79481 1.49838 -0.0774803 3.79252e-05 -2.26451e-05 0.482947 1.98825
3.48 1.95182 0.249853 2.78735 1.49224 -0.0815147 3.81024e-05 -2.27507e-05 0.48426 1.99016
3.49 1.95775 0.250332 2.77993 1.48613 -0.08552 3.82804e-05 -2.28568e-05 0.485573 1.99206
3.5 1.96369 0.25081 2.77254 1.48006 -0.0894964 3.84591e-05 -2.29633e-05 0.486886 1.99396
3.51 1.96963 0.251287 2.7652 1.47403 -0.0934442 3.86387e-05 -2.30702e-05 0.488198 1.99586
3.52 1.97557 0.251764 2.7579 1.46803 -0.0973636 3.88189e-05 -2.31777e-05 0.48951 1.99775
3.53 1.98151 0.252241 2.75064 1.46207 -0.101255 3.9e-05 -2.32855e-05 0.490822 1.99964
3.54 1.98745 0.252717 2.74341 1.45615 -0.105119 3.91818e-05 -2.33939e-05 0.492134 2.00153
3.55 1.99339 0.253193 2.73623 1.45026 -0.108954 3.93645e-05 -2.35027e-05 0.493445 2.00341
3.56 1.99934 0.253668 2.72908 1.4444 -0.112763 3.95479e-05 -2.3612e-05 0.494755 2.00529
3.57 2.00529 0.254143 2.72197 1.43859 -0.116545 3.97321e-05 -2.37217e-05 0.496066 2.00717
3.58 2.01123 0.254617 2.7149 1.4328 -0.120299 3.99171e-05 -2.3832e-05 0.497376 2.00904
3.59 2.01718 0.255091 2.70787 1.42705 -0.124028 4.0103e-05 -2.39427e-05 0.498686 2.01091
3.6 2.02314 0.255564 2.70087 1.42134 -0.127729 4.02896e-05 -2.40539e-05 0.499995 2.01277
3.61 2.02909 0.256037 2.69392 1.41565 -0.131405 4.04771e-05 -2.41655e-05 0.501304 2.01464
3.62 2.03504 0.25651 2.68699 1.41001 -0.135055 4.06654e-05 -2.42777e-05 0.502613 2.01649
3.63 2.041 0.256982 2.68011 1.40439 -0.13868 4.08545e-05 -2.43904e-05 0.503921 2.01835
3.64 2.04696 0.257454 2.67326 1.39881 -0.142278 4.10445e-05 -2.45035e-05 0.50523 2.0202
3.65 2.05291 0.257925 2.66645 1.39326 -0.145852 4.12353e-05 -2.46172e-05 0.506537 2.02205
3.66 2.05887 0.258396 2.65967 1.38774 -0.149401 4.14269e-05 -2.47314e-05 0.507845 2.02389
3.67 2.06484 0.258867 2.65293 1.38225 -0.152925 4.16194e-05 -2.4846e-05 0.509152 2.02574
3.68 2.0708 0.259337 2.64622 1.3768 -0.156425 4.18128e-05 -2.49612e-05 0.510459 2.02757
3.69 2.07676 0.259806 2.63955 1.37138 -0.1599 4.2007e-05 -2.50769e-05 0.511766 2.02941
3.7 2.08273 0.260275 2.63291 1.36599 -0.163352 4.22021e-05 -2.51931e-05 0.513072 2.03124
3.71 2.0887 0.260744 2.6263 1.36063 -0.166779 4.23981e-05 -2.53098e-05 0.514378 2.03307
3.72 2.09466 0.261213 2.61973 1.3553 -0.170183 4.2595e-05 -2.54271e-05 0.515683 2.03489
3.73 2.10063 0.26168 2.61319 1.35 -0.173563 4.27927e-05 -2.55449e-05 0.516989 2.03672
3.74 2.10661 0.262148 2.60669 1.34473 -0.176921 4.29914e-05 -2.56632e-05 0.518294 2.03853
3.75 2.11258 0.262615 2.60022 1.33949 -0.180255 4.31909e-05 -2.57821e-05 0.519598 2.04035
3.76 2.11855 0.263082 2.59378 1.33428 -0.183566 4.33914e-05 -2.59014e-05 0.520902 2.04216
3.77 2.12453 0.263548 2.58738 1.3291 -0.186855 4.35928e-05 -2.60214e-05 0.522206 2.04397
3.78 2.13051 0.264014 2.581 1.32395 -0.190122 4.3795e-05 -2.61418e-05 0.52351 2.04578
3.79 2.13649 0.264479 2.57466 1.31883 -0.193366 4.39982e-05 -2.62629e-05 0.524814 2.04758
3.8 2.14247 0.264944 2.56835 1.31374 -0.196588 4.42024e-05 -2.63844e-05 0.526117 2.04938
3.81 2.14845 0.265409 2.56208 1.30867 -0.199788 4.44075e-05 -2.65066e-05 0.527419 2.05117
3.82 2.15443 0.265873 2.55583 1.30364 -0.202967 4.46135e-05 -2.66293e-05 0.528722 2.05297
3.83 2.16042 0.266337 2.54961 1.29863 -0.206124 4.48204e-05 -2.67525e-05 0.530024 2.05476
3.84 2.1664 0.2668 2.54343 1.29365 -0.20926 4.50284e-05 -2.68763e-05 0.531326 2.05654
3.85 2.17239 0.267263 2.53728 1.2887 -0.212375 4.52373e-05 -2.70007e-05 0.532627 2.05833
3.86 2.17838 0.267726 2.53115 1.28377 -0.215469 4.54471e-05 -2.71257e-05 0.533928 2.06011
3.87 2.18437 0.268188 2.52506 1.27888 -0.218543 4.56579e-05 -2.72512e-05 0.535229 2.06188
3.88 2.19036 0.26865 2.51899 1.27401 -0.221595 4.58697e-05 -2.73773e-05 0.53653 2.06366
3.89 2.19635 0.269111 2.51296 1.26916 -0.224628 4.60825e-05 -2.7504e-05 0.53783 2.06543
3.9 2.20235 0.269572 2.50696 1.26435 -0.22764 4.62963e-05 -2.76313e-05 0.53913 2.0672
3.91 2.20835 0.270033 2.50098 1.25955 -0.230632 4.65111e-05 -2.77592e-05 0.54043 2.06896
3.92 2.21434 0.270493 2.49503 1.25479 -0.233605 4.67269e-05 -2.78877e-05 0.541729 2.07073
3.93 2.22034 0.270953 2.48912 1.25005 -0.236557 4.69436e-05 -2.80168e-05 0.543028 2.07249
3.94 2.22634 0.271412 2.48323 1.24534 -0.23949 4.71615e-05 -2.81464e-05 0.544327 2.07424
3.95 2.23234 0.271871 2.47737 1.24065 -0.242404 4.73803e-05 -2.82767e-05 0.545625 2.076
3.96 2.23835 0.27233 2.47153 1.23599 -0.245298 4.76002e-05 -2.84076e-05 0.546923 2.07775
3.97 2.24435 0.272788 2.46573 1.23135 -0.248174 4.78211e-05 -2.85392e-05 0.548221 2.07949
3.98 2.25036 0.273246 2.45995 1.22674 -0.251031 4.8043e-05 -2.86713e-05 0.549518 2.08124
3.99 2.25637 0.273704 2.4542 1.22215 -0.253868 4.8266e-05 -2.8804e-05 0.550816 2.08298
4 2.26238 0.274161 2.44848 1.21759 -0.256688 4.849e-05 -2.89374e-05 0.552112 2.08472
4.01 2.26839 0.274618 2.44279 1.21305 -0.259489 4.87151e-05 -2.90714e-05 0.553409 2.08645
4.02 2.2744 0.275074 2.43712 1.20854 -0.262271 4.89413e-05 -2.92061e-05 0.554705 2.08819
4.03 2.28041 0.27553 2.43148 1.20405 -0.265036 4.91686e-05 -2.93414e-05 0.556001 2.08992
4.04 2.28642 0.275985 2.42586 1.19958 -0.267782 4.93969e-05 -2.94773e-05 0.557297 2.09164
4.05 2.29244 0.276441 2.42027 1.19514 -0.270511 4.96263e-05 -2.96139e-05 0.558592 2.09337
4.06 2.29846 0.276896 2.41471 1.19072 -0.273222 4.98569e-05 -2.97511e-05 0.559887 2.09509
4.07 2.30448 0.27735 2.40918 1.18632 -0.275916 5.00885e-05 -2.9889e-05 0.561182 2.09681
4.08 2.3105 0.277804 2.40367 1.18195 -0.278592 5.03212e-05 -3.00275e-05 0.562476 2.09853
4.09 2.31652 0.278258 2.39818 1.1776 -0.281251 5.05551e-05 -3.01667e-05 0.563771 2.10024
4.1 2.32254 0.278711 2.39272 1.17327 -0.283893 5.079e-05 -3.03065e-05 0.565064 2.10195
4.11 2.32857 0.279164 2.38729 1.16897 -0.286517 5.10261e-05 -3.04471e-05 0.566358 2.10366
4.12 2.33459 0.279617 2.38188 1.16468 -0.289125 5.12634e-05 -3.05883e-05 0.567651 2.10536
4.13 2.34062 0.280069 2.37649 1.16042 -0.291717 5.15018e-05 -3.07301e-05 0.568944 2.10706
4.14 2.34665 0.280521 2.37113 1.15619 -0.294292 5.17413e-05 -3.08727e-05 0.570237 2.10876
4.15 2.35268 0.280973 2.3658 1.15197 -0.29685 5.1982e-05 -3.1016e-05 0.571529 2.11046
4.16 2.35871 0.281424 2.36049 1.14777 -0.299392 5.22238e-05 -3.11599e-05 0.572821 2.11215
4.17 2.36474 0.281875 2.3552 1.1436 -0.301918 5.24668e-05 -3.13045e-05 0.574113 2.11384
4.18 2.37078 0.282325 2.34994 1.13945 -0.304428 5.2711e-05 -3.14498e-05 0.575404 2.11553
4.19 2.37681 0.282775 2.3447 1.13532 -0.306922 5.29564e-05 -3.15959e-05 0.576696 2.11722
4.2 2.38285 0.283225 2.33948 1.13121 -0.3094 5.3203e-05 -3.17426e-05 0.577986 2.1189
4.21 2.38889 0.283674 2.33429 1.12712 -0.311863 5.34508e-05 -3.18901e-05 0.579277 2.12058
4.22 2.39493 0.284123 2.32912 1.12306 -0.31431 5.36998e-05 -3.20382e-05 0.580567 2.12226
4.23 2.40097 0.284572 2.32398 1.11901 -0.316741 5.395e-05 -3.21871e-05 0.581857 2.12393
4.24 2.40701 0.28502 2.31886 1.11498 -0.319157 5.42014e-05 -3.23367e-05 0.583147 2.12561
4.25 2.41305 0.285468 2.31376 1.11098 -0.321559 5.4454e-05 -3.2487e-05 0.584436 2.12728
4.26 2.4191 0.285916 2.30868 1.10699 -0.323945 5.47079e-05 -3.26381e-05 0.585725 2.12894
4.27 2.42514 0.286363 2.30362 1.10303 -0.326316 5.4963e-05 -3.27899e-05 0.587014 2.13061
4.28 2.43119 0.28681 2.29859 1.09908 -0.328672 5.52194e-05 -3.29425e-05 0.588303 2.13227
4.29 2.43724 0.287257 2.29358 1.09515 -0.331014 5.5477e-05 -3.30957e-05 0.589591 2.13393
4.3 2.44329 0.287703 2.2886 1.09125 -0.333341 5.57359e-05 -3.32498e-05 0.590879 2.13559
4.31 2.44934 0.288149 2.28363 1.08736 -0.335654 5.59961e-05 -3.34046e-05 0.592167 2.13724
4.32 2.4554 0.288594 2.27869 1.08349 -0.337952 5.62575e-05 -3.35601e-05 0.593454 2.13889
4.33 2.46145 0.28904 2.27376 1.07965 -0.340236 5.65203e-05 -3.37164e-05 0.594741 2.14054
4.34 2.46751 0.289484 2.26886 1.07582 -0.342506 5.67843e-05 -3.38735e-05 0.596028 2.14219
4.35 2.47357 0.289929 2.26398 1.07201 -0.344762 5.70496e-05 -3.40314e-05 0.597314 2.14383
4.36 2.47962 0.290373 2.25913 1.06821 -0.347004 5.73162e-05 -3.419e-05 0.5986 2.14547
4.37 2.48568 0.290817 2.25429 1.06444 -0.349232 5.75842e-05 -3.43494e-05 0.599886 2.14711
4.38 2.49175 0.29126 2.24947 1.06069 -0.351446 5.78535e-05 -3.45096e-05 0.601172 2.14875
4.39 2.49781 0.291704 2.24468 1.05695 -0.353647 5.81241e-05 -3.46705e-05 0.602457 2.15038
4.4 2.50387 0.292146 2.2399 1.05323 -0.355834 5.8396e-05 -3.48323e-05 0.603742 2.15201
4.41 2.50994 0.292589 2.23515 1.04953 -0.358008 5.86693e-05 -3.49949e-05 0.605027 2.15364
4.42 2.51601 0.293031 2.23041 1.04585 -0.360169 5.8944e-05 -3.51583e-05 0.606312 2.15527
4.43 2.52207 0.293473 2.2257 1.04219 -0.362316 5.922e-05 -3.53224e-05 0.607596 2.15689
4.44 2.52814 0.293914 2.221 1.03854 -0.364451 5.94974e-05 -3.54874e-05 0.60888 2.15852
4.45 2.53421 0.294355 2.21633 1.03492 -0.366572 5.97761e-05 -3.56532e-05 0.610163 2.16013
4.46 2.54029 0.294796 2.21168 1.03131 -0.36868 6.00563e-05 -3.58199e-05 0.611447 2.16175
4.47 2.54636 0.295237 2.20704 1.02771 -0.370776 6.03378e-05 -3.59873e-05 0.61273 2.16337
4.48 2.55244 0.295677 2.20243 1.02414 -0.372859 6.06208e-05 -3.61556e-05 0.614012 2.16498
4.49 2.55851 0.296117 2.19783 1.02058 -0.374929 6.09051e-05 -3.63247e-05 0.615295 2.16659
4.5 2.56459 0.296556 2.19326 1.01704 -0.376987 6.11909e-05 -3.64947e-05 0.616577 2.16819
4.51 2.57067 0.296995 2.1887 1.01351 -0.379033 6.14781e-05 -3.66655e-05 0.617859 2.1698
4.52 2.57675 0.297434 2.18416 1.01 -0.381066 6.17668e-05 -3.68371e-05 0.619141 2.1714
4.53 2.58283 0.297873 2.17964 1.00651 -0.383086 6.20568e-05 -3.70096e-05 0.620422 2.173
4.54 2.58891 0.298311 2.17514 1.00304 -0.385095 6.23484e-05 -3.7183e-05 0.621703 2.1746
4.55 2.595 0.298749 2.17066 0.99958 -0.387092 6.26414e-05 -3.73572e-05 0.622984 2.1762
4.56 2.60108 0.299186 2.1662 0.996138 -0.389076 6.29358e-05 -3.75323e-05 0.624264 2.17779
4.57 2.60717 0.299624 2.16175 0.992712 -0.391049 6.32317e-05 -3.77083e-05 0.625544 2.17938
4.58 2.61326 0.300061 2.15733 0.989303 -0.39301 6.35292e-05 -3.78852e-05 0.626824 2.18097
4.59 2.61935 0.300497 2.15292 0.985909 -0.394959 6.38281e-05 -3.80629e-05 0.628104 2.18255
4.6 2.62544 0.300934 2.14853 0.982532 -0.396897 6.41285e-05 -3.82415e-05 0.629383 2.18414
4.61 2.63153 0.301369 2.14416 0.97917 -0.398823 6.44304e-05 -3.8421e-05 0.630663 2.18572
4.62 2.63763 0.301805 2.13981 0.975824 -0.400738 6.47338e-05 -3.86014e-05 0.631941 2.1873
4.63 2.64372 0.302241 2.13547 0.972494 -0.402641 6.50388e-05 -3.87827e-05 0.63322 2.18888
4.64 2.64982 0.302676 2.13115 0.969179 -0.404533 6.53453e-05 -3.8965e-05 0.634498 2.19045
4.65 2.65591 0.30311 2.12685 0.96588 -0.406414 6.56533e-05 -3.91481e-05 0.635776 2.19202
4.66 2.66201 0.303545 2.12257 0.962595 -0.408284 6.59629e-05 -3.93321e-05 0.637054 2.19359
4.67 2.66811 0.303979 2.1183 0.959326 -0.410142 6.6274e-05 -3.95171e-05 0.638331 2.19516
4.68 2.67422 0.304413 2.11405 0.956072 -0.41199 6.65867e-05 -3.9703e-05 0.639608 2.19673
4.69 2.68032 0.304846 2.10982 0.952834 -0.413827 6.6901e-05 -3.98899e-05 0.640885 2.19829
4.7 2.68642 0.305279 2.1056 0.94961 -0.415653 6.72169e-05 -4.00776e-05 0.642162 2.19985
4.71 2.69253 0.305712 2.10141 0.9464 -0.417468 6.75343e-05 -4.02663e-05 0.643438 2.20141
4.72 2.69864 0.306145 2.09723 0.943206 -0.419273 6.78534e-05 -4.0456e-05 0.644714 2.20297
4.73 2.70474 0.306577 2.09306 0.940026 -0.421067 6.81741e-05 -4.06466e-05 0.64599 2.20452
4.74 2.71085 0.307009 2.08891 0.93686 -0.42285 6.84964e-05 -4.08382e-05 0.647266 2.20607
4.75 2.71696 0.307441 2.08478 0.933709 -0.424623 6.88203e-05 -4.10307e-05 0.648541 2.20763
4.76 2.72308 0.307872 2.08067 0.930573 -0.426386 6.91459e-05 -4.12242e-05 0.649816 2.20917
4.77 2.72919 0.308303 2.07657 0.92745 -0.428139 6.94731e-05 -4.14187e-05 0.651091 2.21072
4.78 2.7353 0.308734 2.07248 0.924342 -0.429881 6.98019e-05 -4.16142e-05 0.652365 2.21226
4.79 2.74142 0.309164 2.06842 0.921248 -0.431613 7.01325e-05 -4.18106e-05 0.653639 2.2138
4.8 2.74754 0.309594 2.06437 0.918167 -0.433335 7.04647e-05 -4.20081e-05 0.654913 2.21534
4.81 2.75366 0.310024 2.06033 0.915101 -0.435047 7.07985e-05 -4.22065e-05 0.656187 2.21688
4.82 2.75978 0.310454 2.05631 0.912048 -0.436749 7.11341e-05 -4.24059e-05 0.65746 2.21842
4.83 2.7659 0.310883 2.05231 0.909009 -0.438442 7.14714e-05 -4.26064e-05 0.658733 2.21995
4.84 2.77202 0.311312 2.04832 0.905984 -0.440124 7.18104e-05 -4.28078e-05 0.660006 2.22148
4.85 2.77814 0.31174 2.04435 0.902972 -0.441797 7.21511e-05 -4.30103e-05 0.661278 2.22301
4.86 2.78427 0.312169 2.04039 0.899973 -0.44346 7.24935e-05 -4.32138e-05 0.66255 2.22454
4.87 2.7904 0.312597 2.03645 0.896988 -0.445114 7.28377e-05 -4.34183e-05 0.663822 2.22606
4.88 2.79652 0.313025 2.03253 0.894016 -0.446758 7.31836e-05 -4.36238e-05 0.665094 2.22758
4.89 2.80265 0.313452 2.02861 0.891057 -0.448393 7.35313e-05 -4.38304e-05 0.666366 2.2291
4.9 2.80878 0.313879 2.02472 0.888112 -0.450018 7.38807e-05 -4.4038e-05 0.667637 2.23062
4.91 2.81491 0.314306 2.02084 0.885179 -0.451634 7.42319e-05 -4.42467e-05 0.668908 2.23214
4.92 2.82105 0.314733 2.01697 0.882259 -0.453241 7.45849e-05 -4.44564e-05 0.670178 2.23365
4.93 2.82718 0.315159 2.01312 0.879352 -0.454838 7.49397e-05 -4.46672e-05 0.671449 2.23517
4.94 2.83332 0.315585 2.00928 0.876458 -0.456427 7.52963e-05 -4.48791e-05 0.672719 2.23668
4.95 2.83945 0.316011 2.00546 0.873577 -0.458006 7.56547e-05 -4.5092e-05 0.673989 2.23818
4.96 2.84559 0.316436 2.00165 0.870708 -0.459576 7.6015e-05 -4.5306e-05 0.675258 2.23969
4.97 2.85173 0.316862 1.99786 0.867851 -0.461138 7.6377e-05 -4.55211e-05 0.676528 2.24119
4.98 2.85787 0.317286 1.99408 0.865007 -0.46269 7.67409e-05 -4.57373e-05 0.677797 2.2427
4.99 2.86401 0.317711 1.99031 0.862176 -0.464234 7.71067e-05 -4.59546e-05 0.679065 2.2442
5 2.87016 0.318135 1.98656 0.859356 -0.465769 7.74743e-05 -4.61729e-05 0.680334 2.2457
5.01 2.8763 0.318559 1.98283 0.856549 -0.467295 7.78438e-05 -4.63924e-05 0.681602 2.24719
5.02 2.88245 0.318983 1.9791 0.853754 -0.468813 7.82152e-05 -4.6613e-05 0.68287 2.24869
5.03 2.8886 0.319407 1.9754 0.850972 -0.470322 7.85884e-05 -4.68347e-05 0.684138 2.25018
5.04 2.89474 0.31983 1.9717 0.848201 -0.471823 7.89636e-05 -4.70576e-05 0.685405 2.25167
5.05 2.90089 0.320253 1.96802 0.845442 -0.473315 7.93407e-05 -4.72815e-05 0.686672 2.25316
5.06 2.90704 0.320675 1.96435 0.842695 -0.474798 7.97197e-05 -4.75066e-05 0.687939 2.25464
5.07 2.9132 0.321098 1.9607 0.839959 -0.476274 8.01006e-05 -4.77329e-05 0.689206 2.25613
5.08 2.91935 0.32152 1.95706 0.837236 -0.477741 8.04834e-05 -4.79602e-05 0.690472 2.25761
5.09 2.9255 0.321942 1.95343 0.834523 -0.4792 8.08682e-05 -4.81888e-05 0.691739 2.25909
5.1 2.93166 0.322363 1.94982 0.831823 -0.48065 8.1255e-05 -4.84185e-05 0.693004 2.26057
5.11 2.93782 0.322784 1.94622 0.829134 -0.482093 8.16438e-05 -4.86493e-05 0.69427 2.26204
5.12 2.94398 0.323205 1.94263 0.826456 -0.483527 8.20345e-05 -4.88813e-05 0.695535 2.26352
5.13 2.95014 0.323626 1.93906 0.82379 -0.484953 8.24272e-05 -4.91146e-05 0.696801 2.26499
5.14 2.9563 0.324047 1.9355 0.821135 -0.486372 8.28219e-05 -4.93489e-05 0.698065 2.26646
5.15 2.96246 0.324467 1.93195 0.818491 -0.487782 8.32187e-05 -4.95845e-05 0.69933 2.26793
5.16 2.96862 0.324887 1.92841 0.815859 -0.489185 8.36174e-05 -4.98213e-05 0.700594 2.2694
5.17 2.97479 0.325306 1.92489 0.813237 -0.49058 8.40182e-05 -5.00593e-05 0.701858 2.27086
5.18 2.98095 0.325726 1.92138 0.810626 -0.491967 8.4421e-05 -5.02984e-05 0.703122 2.27233
5.19 2.98712 0.326145 1.91789 0.808027 -0.493346 8.48259e-05 -5.05388e-05 0.704386 2.27379
5.2 2.99329 0.326563 1.9144 0.805438 -0.494718 8.52329e-05 -5.07804e-05 0.705649 2.27525
5.21 2.99946 0.326982 1.91093 0.80286 -0.496082 8.56419e-05 -5.10233e-05 0.706912 2.2767
5.22 3.00563 0.3274 1.90747 0.800293 -0.497439 8.6053e-05 -5.12673e-05 0.708175 2.27816
5.23 3.0118 0.327818 1.90402 0.797736 -0.498788 8.64662e-05 -5.15126e-05 0.709437 2.27961
5.24 3.01798 0.328236 1.90059 0.795191 -0.500129 8.68815e-05 -5.17592e-05 0.7107 2.28107
5.25 3.02415 0.328653 1.89717 0.792655 -0.501464 8.72989e-05 -5.2007e-05 0.711962 2.28252
5.26 3.03033 0.329071 1.89376 0.79013 -0.502791 8.77185e-05 -5.2256e-05 0.713223 2.28396
5.27 3.03651 0.329488 1.89036 0.787616 -0.50411 8.81402e-05 -5.25064e-05 0.714485 2.28541
5.28 3.04268 0.329904 1.88698 0.785112 -0.505422 8.8564e-05 -5.27579e-05 0.715746 2.28686
5.29 3.04886 0.330321 1.8836 0.782618 -0.506727 8.899e-05 -5.30108e-05 0.717007 2.2883
5.3 3.05505 0.330737 1.88024 0.780135 -0.508025 8.94182e-05 -5.3265e-05 0.718268 2.28974
5.31 3.06123 0.331153 1.87689 0.777661 -0.509316 8.98486e-05 -5.35204e-05 0.719528 2.29118
5.32 3.06741 0.331568 1.87355 0.775198 -0.5106 9.02811e-05 -5.37771e-05 0.720788 2.29262
5.33 3.0736 0.331984 1.87023 0.772745 -0.511876 9.07159e-05 -5.40351e-05 0.722048 2.29405
5.34 3.07978 0.332399 1.86691 0.770302 -0.513146 9.11529e-05 -5.42945e-05 0.723308 2.29549
5.35 3.08597 0.332814 1.86361 0.767869 -0.514409 9.15921e-05 -5.45551e-05 0.724567 2.29692
5.36 3.09216 0.333228 1.86032 0.765446 -0.515664 9.20335e-05 -5.48171e-05 0.725827 2.29835
5.37 3.09835 0.333643 1.85704 0.763032 -0.516913 9.24772e-05 -5.50804e-05 0.727086 2.29978
5.38 3.10454 0.334057 1.85377 0.760629 -0.518156 9.29232e-05 -5.5345e-05 0.728344 2.3012
5.39 3.11073 0.334471 1.85051 0.758235 -0.519391 9.33714e-05 -5.5611e-05 0.729603 2.30263
5.4 3.11693 0.334884 1.84727 0.755851 -0.52062 9.38219e-05 -5.58783e-05 0.730861 2.30405
5.41 3.12312 0.335297 1.84403 0.753476 -0.521842 9.42747e-05 -5.6147e-05 0.732119 2.30547
5.42 3.12932 0.33571 1.84081 0.751111 -0.523057 9.47298e-05 -5.64171e-05 0.733377 2.30689
5.43 3.13551 0.336123 1.8376 0.748755 -0.524266 9.51873e-05 -5.66885e-05 0.734634 2.30831
5.44 3.14171 0.336536 1.8344 0.746409 -0.525468 9.5647e-05 -5.69612e-05 0.735891 2.30973
5.45 3.14791 0.336948 1.83121 0.744073 -0.526663 9.61091e-05 -5.72354e-05 0.737148 2.31114
5.46 3.15411 0.33736 1.82803 0.741745 -0.527853 9.65736e-05 -5.75109e-05 0.738405 2.31255
5.47 3.16032 0.337772 1.82486 0.739427 -0.529035 9.70404e-05 -5.77879e-05 0.739661 2.31396
5.48 3.16652 0.338183 1.8217 0.737118 -0.530212 9.75096e-05 -5.80662e-05 0.740917 2.31537
5.49 3.17272 0.338595 1.81856 0.734819 -0.531382 9.79812e-05 -5.8346e-05 0.742173 2.31678
5.5 3.17893 0.339006 1.81542 0.732528 -0.532546 9.84551e-05 -5.86272e-05 0.743429 2.31819
5.51 3.18514 0.339417 1.8123 0.730247 -0.533703 9.89315e-05 -5.89097e-05 0.744684 2.31959
5.52 3.19135 0.339827 1.80918 0.727974 -0.534854 9.94104e-05 -5.91938e-05 0.74594 2.32099
5.53 3.19756 0.340237 1.80608 0.725711 -0.535999 9.98916e-05 -5.94792e-05 0.747195 2.32239
5.54 3.20377 0.340647 1.80298 0.723456 -0.537138 0.000100375 -5.97661e-05 0.748449 2.32379
5.55 3.20998 0.341057 1.7999 0.721211 -0.538271 0.000100861 -6.00545e-05 0.749704 2.32519
5.56 3.21619 0.341467 1.79683 0.718974 -0.539398 0.00010135 -6.03443e-05 0.750958 2.32659
5.57 3.22241 0.341876 1.79376 0.716746 -0.540518 0.000101841 -6.06355e-05 0.752212 2.32798
5.58 3.22862 0.342285 1.79071 0.714527 -0.541633 0.000102335 -6.09283e-05 0.753466 2.32937
5.59 3.23484 0.342694 1.78767 0.712316 -0.542742 0.000102831 -6.12225e-05 0.754719 2.33076
5.6 3.24106 0.343103 1.78464 0.710114 -0.543844 0.00010333 -6.15182e-05 0.755972 2.33215
5.61 3.24728 0.343511 1.78162 0.707921 -0.544941 0.000103831 -6.18154e-05 0.757225 2.33354
5.62 3.2535 0.343919 1.77861 0.705736 -0.546032 0.000104334 -6.21141e-05 0.758478 2.33492
5.63 3.25972 0.344327 1.7756 0.703559 -0.547117 0.000104841 -6.24143e-05 0.75973 2.33631
5.64 3.26594 0.344734 1.77261 0.701391 -0.548197 0.00010535 -6.2716e-05 0.760983 2.33769
5.65 3.27217 0.345142 1.76963 0.699232 -0.54927 0.000105861 -6.30193e-05 0.762235 2.33907
5.66 3.27839 0.345549 1.76666 0.697081 -0.550338 0.000106375 -6.3324e-05 0.763486 2.34045
5.67 3.28462 0.345956 1.7637 0.694938 -0.5514 0.000106892 -6.36304e-05 0.764738 2.34183
5.68 3.29085 0.346363 1.76074 0.692803 -0.552457 0.000107411 -6.39382e-05 0.765989 2.3432
5.69 3.29708 0.346769 1.7578 0.690677 -0.553508 0.000107933 -6.42476e-05 0.76724 2.34458
5.7 3.30331 0.347175 1.75487 0.688559 -0.554553 0.000108457 -6.45586e-05 0.768491 2.34595
5.71 3.30954 0.347581 1.75194 0.686448 -0.555593 0.000108985 -6.48711e-05 0.769741 2.34732
5.72 3.31577 0.347987 1.74903 0.684346 -0.556628 0.000109514 -6.51852e-05 0.770992 2.34869
5.73 3.32201 0.348392 1.74613 0.682252 -0.557657 0.000110047 -6.55009e-05 0.772242 2.35006
5.74 3.32824 0.348797 1.74323 0.680166 -0.55868 0.000110582 -6.58182e-05 0.773492 2.35143
5.75 3.33448 0.349202 1.74035 0.678088 -0.559698 0.00011112 -6.6137e-05 0.774741 2.35279
5.76 3.34071 0.349607 1.73747 0.676018 -0.560711 0.000111661 -6.64575e-05 0.775991 2.35415
5.77 3.34695 0.350012 1.7346 0.673956 -0.561718 0.000112204 -6.67796e-05 0.77724 2.35552
5.78 3.35319 0.350416 1.73175 0.671901 -0.56272 0.00011275 -6.71033e-05 0.778488 2.35688
5.79 3.35943 0.35082 1.7289 0.669855 -0.563717 0.000113299 -6.74286e-05 0.779737 2.35823
5.8 3.36568 0.351224 1.72606 0.667816 -0.564708 0.000113851 -6.77556e-05 0.780985 2.35959
5.81 3.37192 0.351627 1.72323 0.665784 -0.565695 0.000114406 -6.80842e-05 0.782233 2.36095
5.82 3.37817 0.352031 1.72041 0.663761 -0.566676 0.000114963 -6.84145e-05 0.783481 2.3623
5.83 3.38441 0.352434 1.7176 0.661745 -0.567652 0.000115523 -6.87464e-05 0.784729 2.36365
5.84 3.39066 0.352837 1.71479 0.659736 -0.568622 0.000116086 -6.90799e-05 0.785976 2.365
5.85 3.39691 0.353239 1.712 0.657736 -0.569588 0.000116652 -6.94152e-05 0.787224 2.36635
5.86 3.40316 0.353642 1.70921 0.655742 -0.570549 0.00011722 -6.97521e-05 0.788471 2.3677
5.87 3.40941 0.354044 1.70644 0.653756 -0.571504 0.000117792 -7.00908e-05 0.789717 2.36905
5.88 3.41566 0.354446 1.70367 0.651778 -0.572455 0.000118366 -7.04311e-05 0.790964 2.37039
5.89 3.42191 0.354848 1.70091 0.649807 -0.573401 0.000118944 -7.07731e-05 0.79221 2.37173
5.9 3.42817 0.355249 1.69816 0.647843 -0.574341 0.000119524 -7.11168e-05 0.793456 2.37307
5.91 3.43442 0.355651 1.69542 0.645886 -0.575277 0.000120107 -7.14623e-05 0.794702 2.37441
5.92 3.44068 0.356052 1.69269 0.643937 -0.576208 0.000120693 -7.18095e-05 0.795947 2.37575
5.93 3.44694 0.356453 1.68996 0.641995 -0.577134 0.000121282 -7.21584e-05 0.797192 2.37709
5.94 3.4532 0.356853 1.68725 0.64006 -0.578055 0.000121874 -7.25091e-05 0.798437 2.37843
5.95 3.45946 0.357254 1.68454 0.638132 -0.578972 0.000122469 -7.28615e-05 0.799682 2.37976
5.96 3.46572 0.357654 1.68184 0.636212 -0.579883 0.000123067 -7.32157e-05 0.800927 2.38109
5.97 3.47198 0.358054 1.67915 0.634298 -0.58079 0.000123668 -7.35717e-05 0.802171 2.38242
5.98 3.47824 0.358453 1.67647 0.632392 -0.581692 0.000124272 -7.39294e-05 0.803415 2.38375
5.99 3.48451 0.358853 1.6738 0.630492 -0.58259 0.000124879 -7.42889e-05 0.804659 2.38508
6 3.49078 0.359252 1.67113 0.628599 -0.583483 0.000125489 -7.46502e-05 0.805903 2.38641
6.01 3.49704 0.359651 1.66848 0.626714 -0.584371 0.000126102 -7.50133e-05 0.807146 2.38773
6.02 3.50331 0.36005 1.66583 0.624835 -0.585255 0.000126718 -7.53783e-05 0.808389 2.38906
6.03 3.50958 0.360449 1.66319 0.622963 -0.586134 0.000127338 -7.5745e-05 0.809632 2.39038
6.04 3.51585 0.360847 1.66056 0.621098 -0.587008 0.00012796 -7.61136e-05 0.810875 2.3917
6.05 3.52212 0.361245 1.65793 0.61924 -0.587878 0.000128585 -7.6484e-05 0.812117 2.39302
6.06 3.5284 0.361643 1.65532 0.617388 -0.588743 0.000129214 -7.68562e-05 0.813359 2.39434
6.07 3.53467 0.362041 1.65271 0.615543 -0.589604 0.000129846 -7.72304e-05 0.814601 2.39565
6.08 3.54095 0.362439 1.65011 0.613705 -0.590461 0.000130481 -7.76063e-05 0.815843 2.39697
6.09 3.54722 0.362836 1.64752 0.611874 -0.591313 0.000131119 -7.79842e-05 0.817085 2.39828
6.1 3.5535 0.363233 1.64493 0.610049 -0.592161 0.000131761 -7.83639e-05 0.818326 2.39959
6.11 3.55978 0.36363 1.64236 0.60823 -0.593004 0.000132405 -7.87455e-05 0.819567 2.4009
6.12 3.56606 0.364026 1.63979 0.606419 -0.593843 0.000133053 -7.9129e-05 0.820808 2.40221
6.13 3.57234 0.364423 1.63723 0.604613 -0.594677 0.000133704 -7.95144e-05 0.822048 2.40352
6.14 3.57863 0.364819 1.63467 0.602815 -0.595508 0.000134358 -7.99017e-05 0.823289 2.40483
6.15 3.58491 0.365215 1.63213 0.601022 -0.596334 0.000135016 -8.0291e-05 0.824529 2.40613
6.16 3.5912 0.365611 1.62959 0.599236 -0.597156 0.000135677 -8.06821e-05 0.825769 2.40743
6.17 3.59748 0.366006 1.62706 0.597457 -0.597973 0.000136341 -8.10752e-05 0.827008 2.40874
6.18 3.60377 0.366402 1.62454 0.595683 -0.598787 0.000137008 -8.14703e-05 0.828248 2.41004
6.19 3.61006 0.366797 1.62203 0.593916 -0.599596 0.000137679 -8.18673e-05 0.829487 2.41134
6.2 3.61635 0.367192 1.61952 0.592156 -0.600401 0.000138353 -8.22663e-05 0.830726 2.41263
6.21 3.62264 0.367587 1.61702 0.590401 -0.601202 0.000139031 -8.26672e-05 0.831965 2.41393
6.22 3.62893 0.367981 1.61453 0.588653 -0.601999 0.000139712 -8.30702e-05 0.833203 2.41522
6.23 3.63522 0.368375 1.61204 0.586911 -0.602791 0.000140396 -8.34751e-05 0.834441 2.41652
6.24 3.64152 0.36877 1.60957 0.585175 -0.60358 0.000141084 -8.38821e-05 0.835679 2.41781
6.25 3.64781 0.369163 1.6071 0.583446 -0.604365 0.000141775 -8.4291e-05 0.836917 2.4191
6.26 3.65411 0.369557 1.60464 0.581722 -0.605145 0.000142469 -8.4702e-05 0.838155 2.42039
6.27 3.66041 0.369951 1.60218 0.580004 -0.605922 0.000143167 -8.5115e-05 0.839392 2.42168
6.28 3.66671 0.370344 1.59973 0.578293 -0.606695 0.000143869 -8.553e-05 0.840629 2.42297
6.29 3.67301 0.370737 1.59729 0.576587 -0.607463 0.000144574 -8.59471e-05 0.841866 2.42425
6.3 3.67931 0.37113 1.59486 0.574888 -0.608228 0.000145282 -8.63662e-05 0.843103 2.42554
6.31 3.68561 0.371522 1.59243 0.573194 -0.608989 0.000145994 -8.67874e-05 0.844339 2.42682
6.32 3.69191 0.371915 1.59001 0.571507 -0.609746 0.00014671 -8.72107e-05 0.845576 2.4281
6.33 3.69822 0.372307 1.5876 0.569825 -0.610499 0.000147429 -8.7636e-05 0.846812 2.42938
6.34 3.70453 0.372699 1.5852 0.568149 -0.611248 0.000148152 -8.80635e-05 0.848047 2.43066
6.35 3.71083 0.373091 1.5828 0.566479 -0.611994 0.000148878 -8.8493e-05 0.849283 2.43194
6.36 3.71714 0.373482 1.58041 0.564814 -0.612735 0.000149608 -8.89247e-05 0.850518 2.43321
6.37 3.72345 0.373874 1.57803 0.563156 -0.613473 0.000150341 -8.93585e-05 0.851753 2.43449
6.38 3.72976 0.374265 1.57565 0.561503 -0.614208 0.000151078 -8.97944e-05 0.852988 2.43576
6.39 3.73607 0.374656 1.57328 0.559856 -0.614938 0.000151819 -9.02325e-05 0.854223 2.43703
6.4 3.74238 0.375047 1.57092 0.558215 -0.615665 0.000152563 -9.06727e-05 0.855457 2.4383
6.41 3.7487 0.375437 1.56856 0.556579 -0.616388 0.000153311 -9.1115e-05 0.856692 2.43957
6.42 3.75501 0.375828 1.56621 0.554949 -0.617107 0.000154063 -9.15596e-05 0.857926 2.44084
6.43 3.76133 0.376218 1.56387 0.553324 -0.617823 0.000154819 -9.20063e-05 0.859159 2.44211
6.44 3.76765 0.376608 1.56153 0.551705 -0.618535 0.000155578 -9.24552e-05 0.860393 2.44337
6.45 3.77397 0.376998 1.5592 0.550092 -0.619243 0.000156341 -9.29063e-05 0.861626 2.44463
6.46 3.78029 0.377387 1.55688 0.548484 -0.619948 0.000157107 -9.33596e-05 0.862859 2.4459
6.47 3.78661 0.377776 1.55457 0.546882 -0.620649 0.000157878 -9.38151e-05 0.864092 2.44716
6.48 3.79293 0.378166 1.55226 0.545285 -0.621347 0.000158652 -9.42728e-05 0.865325 2.44842
6.49 3.79925 0.378555 1.54995 0.543693 -0.622041 0.00015943 -9.47328e-05 0.866557 2.44968
6.5 3.80558 0.378943 1.54766 0.542107 -0.622732 0.000160212 -9.51951e-05 0.867789 2.45094
6.51 3.8119 0.379332 1.54537 0.540527 -0.623419 0.000160998 -9.56596e-05 0.869021 2.45219
6.52 3.81823 0.37972 1.54309 0.538951 -0.624103 0.000161788 -9.61263e-05 0.870253 2.45345
6.53 3.82456 0.380108 1.54081 0.537382 -0.624783 0.000162581 -9.65953e-05 0.871485 2.4547
6.54 3.83088 0.380496 1.53854 0.535817 -0.62546 0.000163379 -9.70667e-05 0.872716 2.45595
6.55 3.83721 0.380884 1.53628 0.534258 -0.626133 0.00016418 -9.75403e-05 0.873947 2.4572
6.56 3.84355 0.381272 1.53402 0.532704 -0.626803 0.000164985 -9.80162e-05 0.875178 2.45845
6.57 3.84988 0.381659 1.53177 0.531155 -0.62747 0.000165794 -9.84944e-05 0.876409 2.4597
6.58 3.85621 0.382046 1.52953 0.529611 -0.628133 0.000166608 -9.8975e-05 0.877639 2.46095
6.59 3.86255 0.382433 1.52729 0.528073 -0.628793 0.000167425 -9.94579e-05 0.878869 2.4622
6.6 3.86888 0.38282 1.52506 0.526539 -0.62945 0.000168246 -9.99431e-05 0.880099 2.46344
6.61 3.87522 0.383207 1.52283 0.525011 -0.630103 0.000169071 -0.000100431 0.881329 2.46468
6.62 3.88156 0.383593 1.52061 0.523488 -0.630753 0.0001699 -0.000100921 0.882559 2.46593
6.63 3.8879 0.383979 1.5184 0.52197 -0.6314 0.000170734 -0.000101413 0.883788 2.46717
6.64 3.89424 0.384365 1.51619 0.520458 -0.632043 0.000171571 -0.000101908 0.885017 2.46841
6.65 3.90058 0.384751 1.51399 0.51895 -0.632683 0.000172413 -0.000102405 0.886246 2.46965
6.66 3.90692 0.385137 1.5118 0.517447 -0.63332 0.000173258 -0.000102904 0.887475 2.47088
6.67 3.91326 0.385522 1.50961 0.515949 -0.633954 0.000174108 -0.000103406 0.888703 2.47212
6.68 3.91961 0.385907 1.50743 0.514456 -0.634585 0.000174962 -0.000103911 0.889931 2.47335
6.69 3.92595 0.386292 1.50525 0.512968 -0.635212 0.00017582 -0.000104418 0.891159 2.47459
6.7 3.9323 0.386677 1.50308 0.511486 -0.635836 0.000176682 -0.000104927 0.892387 2.47582
6.71 3.93865 0.387062 1.50092 0.510007 -0.636457 0.000177548 -0.000105439 0.893615 2.47705
6.72 3.945 0.387446 1.49876 0.508534 -0.637075 0.000178419 -0.000105953 0.894842 2.47828
6.73 3.95135 0.387831 1.49661 0.507066 -0.63769 0.000179294 -0.000106469 0.896069 2.47951
6.74 3.9577 0.388215 1.49446 0.505603 -0.638302 0.000180173 -0.000106989 0.897296 2.48074
6.75 3.96405 0.388599 1.49232 0.504144 -0.638911 0.000181056 -0.00010751 0.898523 2.48196
6.76 3.97041 0.388982 1.49019 0.50269 -0.639517 0.000181944 -0.000108034 0.899749 2.48319
6.77 3.97676 0.389366 1.48806 0.501241 -0.640119 0.000182836 -0.000108561 0.900976 2.48441
6.78 3.98312 0.389749 1.48593 0.499797 -0.640719 0.000183732 -0.00010909 0.902202 2.48563
6.79 3.98947 0.390132 1.48382 0.498357 -0.641315 0.000184633 -0.000109622 0.903427 2.48686
6.8 3.99583 0.390515 1.48171 0.496922 -0.641909 0.000185538 -0.000110157 0.904653 2.48808
6.81 4.00219 0.390898 1.4796 0.495492 -0.6425 0.000186448 -0.000110693 0.905879 2.4893
6.82 4.00855 0.391281 1.4775 0.494066 -0.643087 0.000187362 -0.000111233 0.907104 2.49051
6.83 4.01491 0.391663 1.47541 0.492645 -0.643672 0.00018828 -0.000111775 0.908329 2.49173
6.84 4.02128 0.392045 1.47332 0.491229 -0.644254 0.000189203 -0.00011232 0.909553 2.49295
6.85 4.02764 0.392427 1.47124 0.489817 -0.644833 0.00019013 -0.000112867 0.910778 2.49416
6.86 4.034 0.392809 1.46916 0.48841 -0.645409 0.000191061 -0.000113417 0.912002 2.49537
6.87 4.04037 0.393191 1.46709 0.487007 -0.645982 0.000191998 -0.000113969 0.913227 2.49658
6.88 4.04674 0.393572 1.46502 0.485609 -0.646552 0.000192938 -0.000114525 0.91445 2.4978
6.89 4.05311 0.393953 1.46296 0.484216 -0.64712 0.000193883 -0.000115082 0.915674 2.49901
6.9 4.05947 0.394334 1.46091 0.482827 -0.647684 0.000194833 -0.000115643 0.916898 2.50021
6.91 4.06584 0.394715 1.45886 0.481442 -0.648246 0.000195788 -0.000116206 0.918121 2.50142
6.92 4.07222 0.395096 1.45681 0.480062 -0.648805 0.000196747 -0.000116772 0.919344 2.50263
6.93 4.07859 0.395477 1.45478 0.478686 -0.649361 0.00019771 -0.000117341 0.920567 2.50383
6.94 4.08496 0.395857 1.45274 0.477315 -0.649914 0.000198678 -0.000117912 0.921789 2.50504
6.95 4.09134 0.396237 1.45072 0.475948 -0.650465 0.000199651 -0.000118486 0.923012 2.50624
6.96 4.09771 0.396617 1.44869 0.474586 -0.651013 0.000200629 -0.000119063 0.924234 2.50744
6.97 4.10409 0.396997 1.44668 0.473227 -0.651558 0.000201611 -0.000119642 0.925456 2.50864
6.98 4.11047 0.397377 1.44467 0.471874 -0.6521 0.000202598 -0.000120224 0.926678 2.50984
6.99 4.11685 0.397756 1.44266 0.470524 -0.65264 0.00020359 -0.000120809 0.927899 2.51104
7 4.12323 0.398135 1.44066 0.469179 -0.653177 0.000204586 -0.000121397 0.929121 2.51223
7.01 4.12961 0.398514 1.43866 0.467838 -0.653711 0.000205588 -0.000121988 0.930342 2.51343
7.02 4.13599 0.398893 1.43667 0.466501 -0.654243 0.000206594 -0.000122581 0.931563 2.51462
7.03 4.14238 0.399272 1.43469 0.465169 -0.654772 0.000207605 -0.000123177 0.932784 2.51582
7.04 4.14876 0.399651 1.43271 0.46384 -0.655298 0.00020862 -0.000123776 0.934004 2.51701
7.05 4.15515 0.400029 1.43073 0.462516 -0.655822 0.000209641 -0.000124378 0.935225 2.5182
7.06 4.16153 0.400407 1.42877 0.461196 -0.656343 0.000210666 -0.000124983 0.936445 2.51939
7.07 4.16792 0.400785 1.4268 0.459881 -0.656861 0.000211697 -0.000125591 0.937665 2.52058
7.08 4.17431 0.401163 1.42484 0.458569 -0.657377 0.000212732 -0.000126201 0.938884 2.52177
7.09 4.1807 0.401541 1.42289 0.457262 -0.657891 0.000213772 -0.000126814 0.940104 2.52296
7.1 4.18709 0.401918 1.42094 0.455958 -0.658401 0.000214817 -0.000127431 0.941323 2.52414
7.11 4.19348 0.402295 1.419 0.454659 -0.65891 0.000215868 -0.00012805 0.942542 2.52533
7.12 4.19988 0.402673 1.41706 0.453364 -0.659415 0.000216923 -0.000128672 0.943761 2.52651
7.13 4.20627 0.403049 1.41512 0.452073 -0.659918 0.000217983 -0.000129297 0.944979 2.52769
7.14 4.21267 0.403426 1.4132 0.450786 -0.660419 0.000219048 -0.000129925 0.946198 2.52887
7.15 4.21907 0.403803 1.41127 0.449502 -0.660917 0.000220119 -0.000130556 0.947416 2.53005
7.16 4.22546 0.404179 1.40935 0.448223 -0.661413 0.000221194 -0.00013119 0.948634 2.53123
7.17 4.23186 0.404555 1.40744 0.446948 -0.661906 0.000222275 -0.000131827 0.949852 2.53241
7.18 4.23826 0.404932 1.40553 0.445677 -0.662397 0.00022336 -0.000132466 0.95107 2.53359
7.19 4.24466 0.405307 1.40363 0.44441 -0.662885 0.000224451 -0.000133109 0.952287 2.53476
7.2 4.25107 0.405683 1.40173 0.443147 -0.663371 0.000225547 -0.000133755 0.953504 2.53594
7.21 4.25747 0.406059 1.39983 0.441887 -0.663855 0.000226648 -0.000134404 0.954721 2.53711
7.22 4.26387 0.406434 1.39795 0.440632 -0.664336 0.000227755 -0.000135056 0.955938 2.53828
7.23 4.27028 0.406809 1.39606 0.43938 -0.664814 0.000228866 -0.000135711 0.957154 2.53945
7.24 4.27669 0.407184 1.39418 0.438132 -0.66529 0.000229983 -0.000136369 0.958371 2.54062
7.25 4.28309 0.407559 1.39231 0.436889 -0.665764 0.000231105 -0.00013703 0.959587 2.54179
7.26 4.2895 0.407934 1.39044 0.435649 -0.666236 0.000232233 -0.000137695 0.960803 2.54296
7.27 4.29591 0.408308 1.38857 0.434412 -0.666705 0.000233366 -0.000138362 0.962019 2.54413
7.28 4.30232 0.408683 1.38671 0.43318 -0.667172 0.000234504 -0.000139032 0.963234 2.54529
7.29 4.30874 0.409057 1.38486 0.431951 -0.667636 0.000235647 -0.000139706 0.96445 2.54646
7.3 4.31515 0.409431 1.383 0.430726 -0.668099 0.000236796 -0.000140383 0.965665 2.54762
7.31 4.32156 0.409805 1.38116 0.429505 -0.668558 0.000237951 -0.000141063 0.96688 2.54879
7.32 4.32798 0.410178 1.37932 0.428288 -0.669016 0.000239111 -0.000141746 0.968094 2.54995
7.33 4.33439 0.410552 1.37748 0.427074 -0.669471 0.000240276 -0.000142432 0.969309 2.55111
7.34 4.34081 0.410925 1.37565 0.425864 -0.669924 0.000241447 -0.000143122 0.970523 2.55227
7.35 4.34723 0.411298 1.37382 0.424658 -0.670375 0.000242623 -0.000143814 0.971737 2.55343
7.36 4.35365 0.411671 1.372 0.423455 -0.670824 0.000243805 -0.00014451 0.972951 2.55458
7.37 4.36007 0.412044 1.37018 0.422256 -0.67127 0.000244992 -0.000145209 0.974165 2.55574
7.38 4.36649 0.412417 1.36836 0.421061 -0.671714 0.000246185 -0.000145912 0.975378 2.55689
7.39 4.37292 0.412789 1.36655 0.419869 -0.672156 0.000247383 -0.000146617 0.976592 2.55805
7.4 4.37934 0.413161 1.36475 0.418681 -0.672596 0.000248588 -0.000147326 0.977805 2.5592
7.41 4.38576 0.413534 1.36295 0.417496 -0.673033 0.000249797 -0.000148038 0.979018 2.56035
7.42 4.39219 0.413906 1.36115 0.416315 -0.673469 0.000251013 -0.000148754 0.98023 2.56151
7.43 4.39862 0.414277 1.35936 0.415138 -0.673902 0.000252234 -0.000149473 0.981443 2.56266
7.44 4.40505 0.414649 1.35757 0.413964 -0.674333 0.000253461 -0.000150195 0.982655 2.56381
7.45 4.41147 0.41502 1.35579 0.412793 -0.674761 0.000254693 -0.00015092 0.983867 2.56495
7.46 4.4179 0.415392 1.35401 0.411627 -0.675188 0.000255932 -0.000151649 0.985079 2.5661
7.47 4.42434 0.415763 1.35224 0.410463 -0.675613 0.000257176 -0.000152381 0.986291 2.56725
7.48 4.43077 0.416134 1.35047 0.409303 -0.676035 0.000258426 -0.000153117 0.987502 2.56839
7.49 4.4372 0.416505 1.34871 0.408147 -0.676455 0.000259681 -0.000153856 0.988713 2.56954
7.5 4.44364 0.416875 1.34695 0.406994 -0.676874 0.000260943 -0.000154598 0.989924 2.57068
7.51 4.45007 0.417246 1.34519 0.405845 -0.67729 0.000262211 -0.000155344 0.991135 2.57182
7.52 4.45651 0.417616 1.34344 0.404699 -0.677704 0.000263484 -0.000156093 0.992346 2.57296
7.53 4.46295 0.417986 1.34169 0.403556 -0.678116 0.000264763 -0.000156846 0.993556 2.5741
7.54 4.46939 0.418356 1.33995 0.402417 -0.678526 0.000266049 -0.000157602 0.994767 2.57524
7.55 4.47583 0.418726 1.33821 0.401281 -0.678934 0.00026734 -0.000158362 0.995977 2.57638
7.56 4.48227 0.419096 1.33647 0.400148 -0.67934 0.000268637 -0.000159125 0.997187 2.57752
7.57 4.48871 0.419465 1.33474 0.399019 -0.679743 0.00026994 -0.000159891 0.998396 2.57865
7.58 4.49515 0.419835 1.33301 0.397893 -0.680145 0.00027125 -0.000160661 0.999606 2.57979
7.59 4.5016 0.420204 1.33129 0.396771 -0.680545 0.000272565 -0.000161435 1.00082 2.58092
7.6 4.50804 0.420573 1.32957 0.395652 -0.680943 0.000273886 -0.000162212 1.00202 2.58205
7.61 4.51449 0.420942 1.32786 0.394536 -0.681339 0.000275214 -0.000162993 1.00323 2.58319
7.62 4.52094 0.42131 1.32615 0.393423 -0.681732 0.000276548 -0.000163777 1.00444 2.58432
7.63 4.52738 0.421679 1.32444 0.392314 -0.682124 0.000277888 -0.000164565 1.00565 2.58545
7.64 4.53383 0.422047 1.32274 0.391208 -0.682514 0.000279234 -0.000165357 1.00686 2.58658
7.65 4.54028 0.422415 1.32105 0.390105 -0.682902 0.000280586 -0.000166152 1.00807 2.5877
7.66 4.54674 0.422783 1.31935 0.389006 -0.683288 0.000281945 -0.00016695 1.00927 2.58883
7.67 4.55319 0.423151 1.31766 0.387909 -0.683672 0.000283309 -0.000167753 1.01048 2.58996
7.68 4.55964 0.423519 1.31598 0.386816 -0.684055 0.00028468 -0.000168559 1.01169 2.59108
7.69 4.5661 0.423886 1.3143 0.385726 -0.684435 0.000286058 -0.000169369 1.0129 2.59221
7.7 4.57255 0.424254 1.31262 0.38464 -0.684813 0.000287442 -0.000170182 1.0141 2.59333
7.71 4.57901 0.424621 1.31095 0.383556 -0.68519 0.000288832 -0.000170999 1.01531 2.59445
7.72 4.58547 0.424988 1.30928 0.382476 -0.685564 0.000290228 -0.00017182 1.01652 2.59557
7.73 4.59193 0.425355 1.30761 0.381398 -0.685937 0.000291631 -0.000172644 1.01772 2.59669
7.74 4.59839 0.425722 1.30595 0.380324 -0.686308 0.000293041 -0.000173473 1.01893 2.59781
7.75 4.60485 0.426088 1.3043 0.379253 -0.686677 0.000294457 -0.000174305 1.02014 2.59893
7.76 4.61131 0.426455 1.30264 0.378185 -0.687044 0.000295879 -0.00017514 1.02134 2.60005
7.77 4.61777 0.426821 1.30099 0.37712 -0.687409 0.000297308 -0.00017598 1.02255 2.60116
7.78 4.62424 0.427187 1.29935 0.376059 -0.687772 0.000298743 -0.000176823 1.02375 2.60228
7.79 4.6307 0.427553 1.29771 0.375 -0.688134 0.000300185 -0.00017767 1.02496 2.60339
7.8 4.63717 0.427919 1.29607 0.373944 -0.688494 0.000301634 -0.000178521 1.02616 2.60451
7.81 4.64364 0.428285 1.29444 0.372892 -0.688852 0.000303089 -0.000179376 1.02737 2.60562
7.82 4.65011 0.42865 1.29281 0.371842 -0.689208 0.000304551 -0.000180235 1.02857 2.60673
7.83 4.65658 0.429016 1.29118 0.370796 -0.689563 0.00030602 -0.000181098 1.02978 2.60784
7.84 4.66305 0.429381 1.28956 0.369752 -0.689915 0.000307495 -0.000181964 1.03098 2.60895
7.85 4.66952 0.429746 1.28794 0.368711 -0.690266 0.000308977 -0.000182835 1.03219 2.61006
7.86 4.67599 0.430111 1.28632 0.367674 -0.690615 0.000310466 -0.000183709 1.03339 2.61117
7.87 4.68246 0.430476 1.28471 0.366639 -0.690962 0.000311961 -0.000184587 1.03459 2.61228
7.88 4.68894 0.43084 1.28311 0.365608 -0.691308 0.000313464 -0.000185469 1.0358 2.61338
7.89 4.69541 0.431205 1.2815 0.364579 -0.691652 0.000314973 -0.000186355 1.037 2.61449
7.9 4.70189 0.431569 1.2799 0.363553 -0.691994 0.000316489 -0.000187246 1.0382 2.61559
7.91 4.70837 0.431933 1.27831 0.36253 -0.692334 0.000318012 -0.00018814 1.03941 2.61669
7.92 4.71485 0.432297 1.27672 0.36151 -0.692673 0.000319542 -0.000189038 1.04061 2.6178
7.93 4.72133 0.432661 1.27513 0.360493 -0.69301 0.000321078 -0.00018994 1.04181 2.6189
7.94 4.72781 0.433024 1.27354 0.359479 -0.693345 0.000322622 -0.000190846 1.04301 2.62
7.95 4.73429 0.433388 1.27196 0.358468 -0.693679 0.000324173 -0.000191756 1.04422 2.6211
7.96 4.74077 0.433751 1.27039 0.35746 -0.694011 0.000325731 -0.000192671 1.04542 2.6222
7.97 4.74726 0.434114 1.26881 0.356454 -0.694341 0.000327296 -0.000193589 1.04662 2.62329
7.98 4.75374 0.434477 1.26724 0.355451 -0.69467 0.000328868 -0.000194512 1.04782 2.62439
7.99 4.76023 0.43484 1.26568 0.354451 -0.694997 0.000330447 -0.000195438 1.04902 2.62549
8 4.76672 0.435203 1.26411 0.353454 -0.695322 0.000332033 -0.000196369 1.05023 2.62658
8.01 4.77321 0.435566 1.26255 0.35246 -0.695645 0.000333626 -0.000197304 1.05143 2.62767
8.02 4.7797 0.435928 1.261 0.351469 -0.695967 0.000335227 -0.000198243 1.05263 2.62877
8.03 4.78619 0.43629 1.25945 0.35048 -0.696288 0.000336834 -0.000199186 1.05383 2.62986
8.04 4.79268 0.436653 1.2579 0.349494 -0.696606 0.000338449 -0.000200134 1.05503 2.63095
8.05 4.79917 0.437015 1.25635 0.348511 -0.696923 0.000340072 -0.000201085 1.05623 2.63204
8.06 4.80566 0.437376 1.25481 0.347531 -0.697239 0.000341701 -0.000202041 1.05743 2.63313
8.07 4.81216 0.437738 1.25328 0.346553 -0.697553 0.000343338 -0.000203001 1.05863 2.63422
8.08 4.81865 0.4381 1.25174 0.345578 -0.697865 0.000344982 -0.000203966 1.05983 2.63531
8.09 4.82515 0.438461 1.25021 0.344606 -0.698176 0.000346634 -0.000204934 1.06103 2.63639
8.1 4.83165 0.438822 1.24868 0.343636 -0.698485 0.000348293 -0.000205907 1.06223 2.63748
8.11 4.83815 0.439183 1.24716 0.34267 -0.698793 0.00034996 -0.000206885 1.06343 2.63856
8.12 4.84465 0.439544 1.24564 0.341706 -0.699099 0.000351634 -0.000207866 1.06463 2.63965
8.13 4.85115 0.439905 1.24412 0.340744 -0.699403 0.000353315 -0.000208852 1.06582 2.64073
8.14 4.85765 0.440266 1.24261 0.339785 -0.699706 0.000355004 -0.000209842 1.06702 2.64181
8.15 4.86415 0.440626 1.2411 0.338829 -0.700007 0.000356701 -0.000210837 1.06822 2.6429
8.16 4.87065 0.440987 1.23959 0.337876 -0.700307 0.000358405 -0.000211836 1.06942 2.64398
8.17 4.87716 0.441347 1.23809 0.336925 -0.700605 0.000360117 -0.00021284 1.07062 2.64506
8.18 4.88367 0.441707 1.23659 0.335977 -0.700902 0.000361836 -0.000213847 1.07181 2.64613
8.19 4.89017 0.442067 1.23509 0.335031 -0.701197 0.000363563 -0.00021486 1.07301 2.64721
8.2 4.89668 0.442427 1.2336 0.334089 -0.701491 0.000365298 -0.000215876 1.07421 2.64829
8.21 4.90319 0.442786 1.23211 0.333148 -0.701783 0.000367041 -0.000216898 1.07541 2.64937
8.22 4.9097 0.443146 1.23062 0.33221 -0.702074 0.000368791 -0.000217923 1.0766 2.65044
8.23 4.91621 0.443505 1.22914 0.331275 -0.702363 0.000370549 -0.000218954 1.0778 2.65151
8.24 4.92272 0.443864 1.22766 0.330343 -0.702651 0.000372315 -0.000219988 1.079 2.65259
8.25 4.92924 0.444223 1.22619 0.329413 -0.702938 0.000374089 -0.000221028 1.08019 2.65366
8.26 4.93575 0.444582 1.22471 0.328485 -0.703222 0.000375871 -0.000222071 1.08139 2.65473
8.27 4.94226 0.444941 1.22324 0.32756 -0.703506 0.000377661 -0.00022312 1.08259 2.6558
8.28 4.94878 0.4453 1.22178 0.326638 -0.703788 0.000379458 -0.000224173 1.08378 2.65687
8.29 4.9553 0.445658 1.22031 0.325718 -0.704068 0.000381264 -0.00022523 1.08498 2.65794
8.3 4.96182 0.446016 1.21885 0.324801 -0.704347 0.000383077 -0.000226293 1.08617 2.65901
8.31 4.96833 0.446374 1.2174 0.323886 -0.704625 0.000384899 -0.00022736 1.08737 2.66008
8.32 4.97485 0.446732 1.21594 0.322973 -0.704901 0.000386728 -0.000228431 1.08856 2.66115
8.33 4.98138 0.44709 1.21449 0.322063 -0.705176 0.000388566 -0.000229507 1.08976 2.66221
8.34 4.9879 0.447448 1.21305 0.321156 -0.705449 0.000390412 -0.000230588 1.09095 2.66328
8.35 4.99442 0.447806 1.2116 0.320251 -0.705721 0.000392266 -0.000231674 1.09215 2.66434
8.36 5.00095 0.448163 1.21016 0.319348 -0.705992 0.000394128 -0.000232764 1.09334 2.6654
8.37 5.00747 0.448521 1.20872 0.318448 -0.706261 0.000395999 -0.000233859 1.09454 2.66647
8.38 5.014 0.448878 1.20729 0.317551 -0.706529 0.000397877 -0.000234959 1.09573 2.66753
8.39 5.02052 0.449235 1.20586 0.316655 -0.706795 0.000399764 -0.000236063 1.09693 2.66859
8.4 5.02705 0.449592 1.20443 0.315763 -0.70706 0.00040166 -0.000237173 1.09812 2.66965
8.41 5.03358 0.449948 1.20301 0.314872 -0.707324 0.000403563 -0.000238287 1.09931 2.67071
8.42 5.04011 0.450305 1.20158 0.313984 -0.707586 0.000405475 -0.000239406 1.10051 2.67176
8.43 5.04664 0.450661 1.20017 0.313099 -0.707847 0.000407396 -0.00024053 1.1017 2.67282
8.44 5.05318 0.451018 1.19875 0.312215 -0.708106 0.000409325 -0.000241659 1.10289 2.67388
8.45 5.05971 0.451374 1.19734 0.311334 -0.708365 0.000411262 -0.000242792 1.10408 2.67493
8.46 5.06624 0.45173 1.19593 0.310456 -0.708622 0.000413208 -0.000243931 1.10528 2.67599
8.47 5.07278 0.452086 1.19452 0.30958 -0.708877 0.000415162 -0.000245074 1.10647 2.67704
8.48 5.07932 0.452442 1.19312 0.308706 -0.709131 0.000417125 -0.000246223 1.10766 2.6781
8.49 5.08585 0.452797 1.19172 0.307835 -0.709384 0.000419096 -0.000247376 1.10885 2.67915
8.5 5.09239 0.453153 1.19032 0.306965 -0.709636 0.000421077 -0.000248534 1.11005 2.6802
8.51 5.09893 0.453508 1.18893 0.306099 -0.709886 0.000423065 -0.000249697 1.11124 2.68125
8.52 5.10547 0.453863 1.18754 0.305234 -0.710135 0.000425063 -0.000250866 1.11243 2.6823
8.53 5.11201 0.454218 1.18615 0.304372 -0.710383 0.000427069 -0.000252039 1.11362 2.68335
8.54 5.11856 0.454573 1.18476 0.303512 -0.710629 0.000429084 -0.000253217 1.11481 2.6844
8.55 5.1251 0.454928 1.18338 0.302654 -0.710874 0.000431108 -0.000254401 1.116 2.68544
8.56 5.13164 0.455283 1.182 0.301799 -0.711118 0.00043314 -0.000255589 1.11719 2.68649
8.57 5.13819 0.455637 1.18063 0.300946 -0.711361 0.000435182 -0.000256783 1.11838 2.68754
8.58 5.14474 0.455992 1.17925 0.300095 -0.711602 0.000437232 -0.000257982 1.11957 2.68858
8.59 5.15128 0.456346 1.17788 0.299247 -0.711842 0.000439291 -0.000259185 1.12076 2.68963
8.6 5.15783 0.4567 1.17651 0.2984 -0.712081 0.00044136 -0.000260394 1.12195 2.69067
8.61 5.16438 0.457054 1.17515 0.297556 -0.712318 0.000443437 -0.000261609 1.12314 2.69171
8.62 5.17093 0.457408 1.17379 0.296714 -0.712554 0.000445523 -0.000262828 1.12433 2.69275
8.63 5.17748 0.457761 1.17243 0.295875 -0.712789 0.000447618 -0.000264053 1.12552 2.69379
8.64 5.18404 0.458115 1.17108 0.295037 -0.713023 0.000449723 -0.000265282 1.12671 2.69483
8.65 5.19059 0.458468 1.16972 0.294202 -0.713256 0.000451836 -0.000266517 1.1279 2.69587
8.66 5.19714 0.458822 1.16837 0.293369 -0.713487 0.000453959 -0.000267758 1.12909 2.69691
8.67 5.2037 0.459175 1.16703 0.292538 -0.713717 0.000456091 -0.000269003 1.13028 2.69795
8.68 5.21026 0.459528 1.16568 0.291709 -0.713946 0.000458232 -0.000270254 1.13147 2.69899
8.69 5.21681 0.459881 1.16434 0.290883 -0.714173 0.000460382 -0.00027151 1.13266 2.70002
8.7 5.22337 0.460233 1.163 0.290059 -0.7144 0.000462542 -0.000272772 1.13384 2.70106
8.71 5.22993 0.460586 1.16167 0.289236 -0.714625 0.000464711 -0.000274039 1.13503 2.70209
8.72 5.23649 0.460938 1.16033 0.288416 -0.714849 0.000466889 -0.000275311 1.13622 2.70313
8.73 5.24305 0.461291 1.159 0.287598 -0.715072 0.000469076 -0.000276589 1.13741 2.70416
8.74 5.24962 0.461643 1.15768 0.286783 -0.715294 0.000471274 -0.000277872 1.1386 2.70519
8.75 5.25618 0.461995 1.15635 0.285969 -0.715514 0.00047348 -0.00027916 1.13978 2.70622
8.76 5.26274 0.462347 1.15503 0.285158 -0.715734 0.000475696 -0.000280454 1.14097 2.70725
8.77 5.26931 0.462699 1.15371 0.284348 -0.715952 0.000477922 -0.000281754 1.14216 2.70828
8.78 5.27588 0.46305 1.1524 0.283541 -0.716169 0.000480157 -0.000283059 1.14334 2.70931
8.79 5.28244 0.463402 1.15108 0.282736 -0.716385 0.000482402 -0.000284369 1.14453 2.71034
8.8 5.28901 0.463753 1.14977 0.281932 -0.716599 0.000484656 -0.000285685 1.14572 2.71137
8.81 5.29558 0.464105 1.14846 0.281131 -0.716813 0.00048692 -0.000287007 1.1469 2.71239
8.82 5.30215 0.464456 1.14716 0.280332 -0.717025 0.000489194 -0.000288334 1.14809 2.71342
8.83 5.30872 0.464807 1.14586 0.279535 -0.717237 0.000491477 -0.000289667 1.14927 2.71444
8.84 5.31529 0.465158 1.14456 0.278741 -0.717447 0.000493771 -0.000291005 1.15046 2.71547
8.85 5.32187 0.465508 1.14326 0.277948 -0.717656 0.000496074 -0.000292349 1.15165 2.71649
8.86 5.32844 0.465859 1.14197 0.277157 -0.717864 0.000498387 -0.000293698 1.15283 2.71752
8.87 5.33502 0.466209 1.14068 0.276368 -0.71807 0.000500709 -0.000295054 1.15402 2.71854
8.88 5.34159 0.46656 1.13939 0.275582 -0.718276 0.000503042 -0.000296415 1.1552 2.71956
8.89 5.34817 0.46691 1.1381 0.274797 -0.71848 0.000505385 -0.000297781 1.15639 2.72058
8.9 5.35475 0.46726 1.13682 0.274014 -0.718684 0.000507738 -0.000299154 1.15757 2.7216
8.91 5.36133 0.46761 1.13554 0.273233 -0.718886 0.0005101 -0.000300532 1.15875 2.72262
8.92 5.36791 0.46796 1.13426 0.272455 -0.719087 0.000512473 -0.000301916 1.15994 2.72364
8.93 5.37449 0.468309 1.13298 0.271678 -0.719288 0.000514856 -0.000303305 1.16112 2.72465
8.94 5.38107 0.468659 1.13171 0.270903 -0.719487 0.000517249 -0.000304701 1.16231 2.72567
8.95 5.38766 0.469008 1.13044 0.270131 -0.719685 0.000519652 -0.000306102 1.16349 2.72669
8.96 5.39424 0.469358 1.12917 0.26936 -0.719882 0.000522065 -0.000307509 1.16467 2.7277
8.97 5.40083 0.469707 1.12791 0.268591 -0.720077 0.000524489 -0.000308922 1.16586 2.72872
8.98 5.40741 0.470056 1.12665 0.267824 -0.720272 0.000526923 -0.000310341 1.16704 2.72973
8.99 5.414 0.470405 1.12539 0.267059 -0.720466 0.000529367 -0.000311766 1.16822 2.73074
9 5.42059 0.470754 1.12413 0.266296 -0.720658 0.000531822 -0.000313197 1.16941 2.73175
9.01 5.42718 0.471102 1.12287 0.265535 -0.72085 0.000534287 -0.000314634 1.17059 2.73277
9.02 5.43377 0.471451 1.12162 0.264776 -0.721041 0.000536762 -0.000316076 1.17177 2.73378
9.03 5.44036 0.471799 1.12037 0.264019 -0.72123 0.000539248 -0.000317525 1.17295 2.73479
9.04 5.44695 0.472147 1.11913 0.263264 -0.721419 0.000541744 -0.00031898 1.17414 2.7358
9.05 5.45354 0.472496 1.11788 0.262511 -0.721606 0.000544251 -0.00032044 1.17532 2.7368
9.06 5.46014 0.472844 1.11664 0.261759 -0.721792 0.000546769 -0.000321907 1.1765 2.73781
9.07 5.46673 0.473191 1.1154 0.26101 -0.721978 0.000549297 -0.00032338 1.17768 2.73882
9.08 5.47333 0.473539 1.11416 0.260262 -0.722162 0.000551836 -0.000324859 1.17886 2.73982
9.09 5.47993 0.473887 1.11293 0.259516 -0.722345 0.000554385 -0.000326344 1.18004 2.74083
9.1 5.48652 0.474234 1.1117 0.258772 -0.722528 0.000556945 -0.000327835 1.18123 2.74183
9.11 5.49312 0.474582 1.11047 0.25803 -0.722709 0.000559516 -0.000329333 1.18241 2.74284
9.12 5.49972 0.474929 1.10924 0.25729 -0.722889 0.000562098 -0.000330836 1.18359 2.74384
9.13 5.50632 0.475276 1.10802 0.256552 -0.723069 0.000564691 -0.000332346 1.18477 2.74484
9.14 5.51292 0.475623 1.1068 0.255815 -0.723247 0.000567294 -0.000333862 1.18595 2.74585
9.15 5.51953 0.47597 1.10558 0.255081 -0.723424 0.000569908 -0.000335384 1.18713 2.74685
9.16 5.52613 0.476317 1.10436 0.254348 -0.7236 0.000572534 -0.000336913 1.18831 2.74785
9.17 5.53274 0.476663 1.10315 0.253617 -0.723776 0.00057517 -0.000338447 1.18949 2.74885
9.18 5.53934 0.47701 1.10193 0.252888 -0.72395 0.000577818 -0.000339988 1.19067 2.74985
9.19 5.54595 0.477356 1.10072 0.25216 -0.724124 0.000580476 -0.000341536 1.19185 2.75084
9.2 5.55256 0.477702 1.09952 0.251435 -0.724296 0.000583146 -0.00034309 1.19303 2.75184
9.21 5.55917 0.478048 1.09831 0.250711 -0.724467 0.000585826 -0.00034465 1.19421 2.75284
9.22 5.56578 0.478394 1.09711 0.249989 -0.724638 0.000588518 -0.000346216 1.19538 2.75383
9.23 5.57239 0.47874 1.09591 0.249269 -0.724807 0.000591222 -0.000347789 1.19656 2.75483
9.24 5.579 0.479086 1.09471 0.248551 -0.724976 0.000593936 -0.000349368 1.19774 2.75582
9.25 5.58561 0.479431 1.09352 0.247834 -0.725144 0.000596662 -0.000350954 1.19892 2.75682
9.26 5.59222 0.479777 1.09233 0.24712 -0.72531 0.000599399 -0.000352547 1.2001 2.75781
9.27 5.59884 0.480122 1.09114 0.246407 -0.725476 0.000602147 -0.000354145 1.20128 2.7588
9.28 5.60545 0.480467 1.08995 0.245695 -0.725641 0.000604907 -0.000355751 1.20246 2.75979
9.29 5.61207 0.480813 1.08876 0.244986 -0.725805 0.000607679 -0.000357363 1.20363 2.76079
9.3 5.61869 0.481158 1.08758 0.244278 -0.725967 0.000610462 -0.000358981 1.20481 2.76178
9.31 5.62531 0.481502 1.0864 0.243572 -0.726129 0.000613256 -0.000360606 1.20599 2.76277
9.32 5.63193 0.481847 1.08522 0.242868 -0.726291 0.000616062 -0.000362238 1.20717 2.76375
9.33 5.63855 0.482192 1.08404 0.242165 -0.726451 0.00061888 -0.000363876 1.20834 2.76474
9.34 5.64517 0.482536 1.08287 0.241465 -0.72661 0.000621709 -0.000365521 1.20952 2.76573
9.35 5.65179 0.482881 1.0817 0.240766 -0.726768 0.000624551 -0.000367173 1.2107 2.76672
9.36 5.65841 0.483225 1.08053 0.240068 -0.726926 0.000627403 -0.000368831 1.21187 2.7677
9.37 5.66504 0.483569 1.07936 0.239373 -0.727082 0.000630268 -0.000370496 1.21305 2.76869
9.38 5.67166 0.483913 1.0782 0.238679 -0.727238 0.000633145 -0.000372168 1.21423 2.76967
9.39 5.67829 0.484257 1.07704 0.237986 -0.727392 0.000636033 -0.000373846 1.2154 2.77066
9.4 5.68491 0.484601 1.07588 0.237296 -0.727546 0.000638933 -0.000375532 1.21658 2.77164
9.41 5.69154 0.484944 1.07472 0.236607 -0.727699 0.000641846 -0.000377224 1.21775 2.77262
9.42 5.69817 0.485288 1.07356 0.23592 -0.727851 0.00064477 -0.000378923 1.21893 2.7736
9.43 5.7048 0.485631 1.07241 0.235234 -0.728002 0.000647706 -0.000380629 1.2201 2.77458
9.44 5.71143 0.485974 1.07126 0.23455 -0.728153 0.000650655 -0.000382341 1.22128 2.77557
9.45 5.71806 0.486317 1.07011 0.233868 -0.728302 0.000653615 -0.000384061 1.22245 2.77654
9.46 5.7247 0.48666 1.06896 0.233188 -0.72845 0.000656588 -0.000385788 1.22363 2.77752
9.47 5.73133 0.487003 1.06782 0.232509 -0.728598 0.000659573 -0.000387521 1.2248 2.7785
9.48 5.73797 0.487346 1.06668 0.231832 -0.728745 0.00066257 -0.000389262 1.22598 2.77948
9.49 5.7446 0.487689 1.06554 0.231156 -0.728891 0.000665579 -0.000391009 1.22715 2.78046
9.5 5.75124 0.488031 1.0644 0.230482 -0.729036 0.000668601 -0.000392764 1.22833 2.78143
9.51 5.75788 0.488374 1.06326 0.22981 -0.72918 0.000671635 -0.000394525 1.2295 2.78241
9.52 5.76451 0.488716 1.06213 0.229139 -0.729324 0.000674682 -0.000396294 1.23067 2.78338
9.53 5.77115 0.489058 1.061 0.22847 -0.729466 0.000677741 -0.000398069 1.23185 2.78436
9.54 5.77779 0.4894 1.05987 0.227803 -0.729608 0.000680813 -0.000399852 1.23302 2.78533
9.55 5.78444 0.489742 1.05875 0.227137 -0.729749 0.000683897 -0.000401642 1.2342 2.7863
9.56 5.79108 0.490084 1.05762 0.226473 -0.729889 0.000686994 -0.000403439 1.23537 2.78728
9.57 5.79772 0.490426 1.0565 0.22581 -0.730028 0.000690103 -0.000405244 1.23654 2.78825
9.58 5.80437 0.490767 1.05538 0.225149 -0.730166 0.000693225 -0.000407055 1.23771 2.78922
9.59 5.81101 0.491109 1.05426 0.224489 -0.730304 0.00069636 -0.000408874 1.23889 2.79019
9.6 5.81766 0.49145 1.05315 0.223831 -0.73044 0.000699507 -0.0004107 1.24006 2.79116
9.61 5.82431 0.491791 1.05203 0.223175 -0.730576 0.000702668 -0.000412533 1.24123 2.79213
9.62 5.83095 0.492132 1.05092 0.22252 -0.730711 0.000705841 -0.000414374 1.2424 2.7931
9.63 5.8376 0.492473 1.04981 0.221867 -0.730845 0.000709027 -0.000416222 1.24358 2.79406
9.64 5.84425 0.492814 1.0487 0.221216 -0.730979 0.000712226 -0.000418077 1.24475 2.79503
9.65 5.8509 0.493155 1.0476 0.220566 -0.731112 0.000715438 -0.00041994 1.24592 2.796
9.66 5.85756 0.493496 1.0465 0.219917 -0.731243 0.000718664 -0.00042181 1.24709 2.79696
9.67 5.86421 0.493836 1.0454 0.21927 -0.731374 0.000721902 -0.000423687 1.24826 2.79793
9.68 5.87086 0.494177 1.0443 0.218625 -0.731505 0.000725153 -0.000425572 1.24943 2.79889
9.69 5.87752 0.494517 1.0432 0.217981 -0.731634 0.000728418 -0.000427464 1.2506 2.79985
9.7 5.88417 0.494857 1.04211 0.217339 -0.731763 0.000731695 -0.000429364 1.25178 2.80082
9.71 5.89083 0.495197 1.04101 0.216698 -0.731891 0.000734986 -0.000431272 1.25295 2.80178
9.72 5.89749 0.495537 1.03992 0.216058 -0.732018 0.000738291 -0.000433187 1.25412 2.80274
9.73 5.90415 0.495877 1.03884 0.215421 -0.732144 0.000741608 -0.000435109 1.25529 2.8037
9.74 5.9108 0.496217 1.03775 0.214784 -0.732269 0.000744939 -0.000437039 1.25646 2.80466
9.75 5.91747 0.496556 1.03667 0.21415 -0.732394 0.000748284 -0.000438977 1.25763 2.80562
9.76 5.92413 0.496896 1.03558 0.213516 -0.732518 0.000751642 -0.000440922 1.2588 2.80658
9.77 5.93079 0.497235 1.0345 0.212885 -0.732641 0.000755013 -0.000442875 1.25997 2.80754
9.78 5.93745 0.497574 1.03343 0.212254 -0.732764 0.000758398 -0.000444836 1.26114 2.8085
9.79 5.94412 0.497913 1.03235 0.211626 -0.732886 0.000761797 -0.000446805 1.26231 2.80945
9.8 5.95078 0.498252 1.03128 0.210998 -0.733007 0.000765209 -0.000448781 1.26347 2.81041
9.81 5.95745 0.498591 1.0302 0.210372 -0.733127 0.000768635 -0.000450765 1.26464 2.81136
9.82 5.96412 0.49893 1.02913 0.209748 -0.733246 0.000772075 -0.000452757 1.26581 2.81232
9.83 5.97078 0.499269 1.02807 0.209125 -0.733365 0.000775529 -0.000454756 1.26698 2.81327
9.84 5.97745 0.499607 1.027 0.208504 -0.733483 0.000778996 -0.000456764 1.26815 2.81423
9.85 5.98412 0.499946 1.02594 0.207884 -0.7336 0.000782477 -0.000458779 1.26932 2.81518
9.86 5.99079 0.500284 1.02488 0.207265 -0.733716 0.000785973 -0.000460802 1.27049 2.81613
9.87 5.99746 0.500622 1.02382 0.206648 -0.733832 0.000789482 -0.000462833 1.27165 2.81708
9.88 6.00414 0.50096 1.02276 0.206033 -0.733947 0.000793005 -0.000464872 1.27282 2.81804
9.89 6.01081 0.501298 1.0217 0.205418 -0.734061 0.000796543 -0.000466919 1.27399 2.81899
9.9 6.01749 0.501636 1.02065 0.204806 -0.734175 0.000800094 -0.000468974 1.27516 2.81994
9.91 6.02416 0.501974 1.0196 0.204194 -0.734288 0.00080366 -0.000471037 1.27632 2.82088
9.92 6.03084 0.502311 1.01855 0.203584 -0.7344 0.00080724 -0.000473108 1.27749 2.82183
9.93 6.03752 0.502649 1.0175 0.202976 -0.734511 0.000810834 -0.000475187 1.27866 2.82278
9.94 6.04419 0.502986 1.01645 0.202369 -0.734622 0.000814443 -0.000477275 1.27983 2.82373
9.95 6.05087 0.503324 1.01541 0.201763 -0.734732 0.000818066 -0.00047937 1.28099 2.82467
9.96 6.05755 0.503661 1.01437 0.201159 -0.734841 0.000821703 -0.000481473 1.28216 2.82562
9.97 6.06423 0.503998 1.01333 0.200556 -0.734949 0.000825355 -0.000483585 1.28333 2.82657
9.98 6.07092 0.504335 1.01229 0.199955 -0.735057 0.000829021 -0.000485705 1.28449 2.82751
9.99 6.0776 0.504672 1.01125 0.199355 -0.735164 0.000832702 -0.000487833 1.28566 2.82845
